10/12/2024	15:25	Sample #1Int Time: 1	Thickness: 0	Width: 2	Length: 0	Regime: LinearVS: 0	VD: 1	VC: 0VG	IG	IS	ID	LinearMobility-3.00000E+0	1.37000E-11	-2.98000E-11	3.90000E-11	1.80854E-2
-2.99000E+0	1.44000E-11	-2.86000E-11	4.17000E-11	6.15558E-4
-2.98000E+0	1.24000E-11	-3.87000E-11	3.93000E-11	5.46132E-4
-2.97000E+0	1.17000E-11	-3.55000E-11	4.54000E-11	1.35816E-3
-2.96000E+0	1.63000E-11	-3.83000E-11	4.24000E-11	6.55720E-4
-2.95000E+0	1.48000E-11	-3.87000E-11	4.42000E-11	3.96112E-4
-2.94000E+0	1.84000E-11	-4.32000E-11	4.70000E-11	6.00472E-4
-2.93000E+0	1.81000E-11	-4.37000E-11	4.46000E-11	5.13549E-4
-2.92000E+0	2.17000E-11	-5.00000E-11	6.03000E-11	3.14789E-3
-2.91000E+0	2.15000E-11	-3.47000E-11	5.31000E-11	1.38524E-3
-2.90000E+0	2.26000E-11	-3.39000E-11	6.51000E-11	2.26316E-3
-2.89000E+0	1.10000E-11	-4.70000E-11	6.98000E-11	8.28779E-4
-2.88000E+0	1.60000E-11	-4.36000E-11	6.37000E-11	1.08139E-3
-2.87000E+0	3.22000E-11	-5.81000E-11	7.59000E-11	2.11648E-3
-2.86000E+0	8.20000E-12	-6.04000E-11	6.41000E-11	2.04402E-3
-2.85000E+0	1.30000E-12	-6.49000E-11	6.55000E-11	2.51833E-4
-2.84000E+0	1.17000E-11	-6.37000E-11	7.85000E-11	2.22068E-3
-2.83000E+0	5.50000E-12	-9.01000E-11	8.30000E-11	7.25186E-4
-2.82000E+0	4.00000E-12	-9.04000E-11	8.98000E-11	1.05950E-3
-2.81000E+0	8.20000E-12	-9.92000E-11	1.00200E-10	1.54561E-3
-2.80000E+0	2.11000E-11	-1.12000E-10	1.00500E-10	4.33639E-5
-2.79000E+0	2.41000E-11	-1.19200E-10	1.22400E-10	3.00743E-3
-2.78000E+0	9.10000E-12	-1.18100E-10	1.31000E-10	1.10647E-3
-2.77000E+0	2.53000E-11	-1.51500E-10	1.46500E-10	1.90612E-3
-2.76000E+0	9.20000E-12	-1.41100E-10	1.64000E-10	2.03451E-3
-2.75000E+0	1.48000E-11	-1.80800E-10	1.86000E-10	2.40926E-3
-2.74000E+0	1.59000E-11	-1.77600E-10	1.90200E-10	4.43433E-4
-2.73000E+0	1.06000E-11	-2.29500E-10	2.29500E-10	3.93262E-3
-2.72000E+0	1.09000E-11	-2.48900E-10	2.62100E-10	3.01253E-3
-2.71000E+0	1.42000E-11	-2.82600E-10	2.68500E-10	5.68964E-4
-2.70000E+0	3.05000E-11	-2.91200E-10	3.11000E-10	3.61773E-3
-2.69000E+0	2.65000E-11	-3.41400E-10	3.41600E-10	2.45357E-3
-2.68000E+0	2.71000E-11	-3.85100E-10	3.91700E-10	3.79081E-3
-2.67000E+0	1.14000E-11	-4.50000E-10	4.52400E-10	4.28109E-3
-2.66000E+0	2.31000E-11	-4.89200E-10	4.95700E-10	2.88041E-3
-2.65000E+0	7.80000E-12	-5.83100E-10	5.84300E-10	5.52547E-3
-2.64000E+0	2.38000E-11	-6.32700E-10	6.40900E-10	3.31215E-3
-2.63000E+0	7.70000E-12	-7.48000E-10	7.36800E-10	5.29402E-3
-2.62000E+0	6.90000E-12	-8.46600E-10	8.39200E-10	5.28485E-3
-2.61000E+0	5.50000E-12	-9.62500E-10	9.54000E-10	5.55432E-3
-2.60000E+0	2.71000E-11	-1.08550E-9	1.10050E-9	6.62281E-3
-2.59000E+0	1.47000E-11	-1.26010E-9	1.27550E-9	7.35683E-3
-2.58000E+0	2.53000E-11	-1.41530E-9	1.42790E-9	6.00459E-3
-2.57000E+0	5.20000E-12	-1.65440E-9	1.64510E-9	8.02844E-3
-2.56000E+0	2.20000E-12	-1.86360E-9	1.87730E-9	8.01604E-3
-2.55000E+0	2.62000E-11	-2.12570E-9	2.14580E-9	8.67335E-3
-2.54000E+0	5.10000E-12	-2.43750E-9	2.45510E-9	9.34297E-3
-2.53000E+0	6.20000E-12	-2.78400E-9	2.81010E-9	1.00242E-2
-2.52000E+0	2.24000E-11	-3.20730E-9	3.22550E-9	1.09558E-2
-2.51000E+0	2.93000E-11	-3.66180E-9	3.67600E-9	1.11106E-2
-2.50000E+0	3.18000E-11	-4.19560E-9	4.20840E-9	1.22852E-2
-2.49000E+0	1.35000E-11	-4.80480E-9	4.81030E-9	1.29860E-2
-2.48000E+0	3.70000E-12	-5.48340E-9	5.49770E-9	1.38722E-2
-2.47000E+0	2.08000E-11	-6.29660E-9	6.30060E-9	1.51455E-2
-2.46000E+0	9.00000E-13	-7.19280E-9	7.17770E-9	1.54790E-2
-2.45000E+0	2.99000E-11	-8.21070E-9	8.22760E-9	1.73319E-2
-2.44000E+0	-9.00000E-13	-9.35310E-9	9.36060E-9	1.75035E-2
-2.43000E+0	3.08000E-11	-1.06975E-8	1.06931E-8	1.92793E-2
-2.42000E+0	1.38000E-11	-1.21817E-8	1.21952E-8	2.03426E-2
-2.41000E+0	4.10000E-12	-1.38692E-8	1.38770E-8	2.13399E-2
-2.40000E+0	2.08000E-11	-1.58038E-8	1.58171E-8	2.30676E-2
-2.39000E+0	3.40000E-12	-1.79709E-8	1.79717E-8	2.40150E-2
-2.38000E+0	3.24000E-11	-2.04720E-8	2.04926E-8	2.63355E-2
-2.37000E+0	7.00000E-12	-2.32255E-8	2.32375E-8	2.68925E-2
-2.36000E+0	9.20000E-12	-2.64076E-8	2.64485E-8	2.95142E-2
-2.35000E+0	4.30000E-12	-2.99797E-8	3.00099E-8	3.07082E-2
-2.34000E+0	1.67000E-11	-3.39993E-8	3.39982E-8	3.22970E-2
-2.33000E+0	3.40000E-12	-3.86040E-8	3.85955E-8	3.49585E-2
-2.32000E+0	3.24000E-11	-4.37682E-8	4.37759E-8	3.69803E-2
-2.31000E+0	4.40000E-12	-4.96004E-8	4.96056E-8	3.90849E-2
-2.30000E+0	2.83000E-11	-5.61949E-8	5.61802E-8	4.14139E-2
-2.29000E+0	2.67000E-11	-6.37155E-8	6.37298E-8	4.46676E-2
-2.28000E+0	2.79000E-11	-7.20977E-8	7.21083E-8	4.65740E-2
-2.27000E+0	1.60000E-11	-8.15455E-8	8.15648E-8	4.94218E-2
-2.26000E+0	2.78000E-11	-9.25326E-8	9.25498E-8	5.39361E-2
-2.25000E+0	1.89000E-11	-1.04661E-7	1.04715E-7	5.61154E-2
-2.24000E+0	1.75000E-11	-1.18724E-7	1.18786E-7	6.09792E-2
-2.23000E+0	4.50000E-12	-1.34377E-7	1.34466E-7	6.38350E-2
-2.22000E+0	1.21000E-11	-1.52601E-7	1.52698E-7	6.97059E-2
-2.21000E+0	2.22000E-11	-1.72839E-7	1.72897E-7	7.25239E-2
-2.20000E+0	1.51000E-11	-1.95851E-7	1.95854E-7	7.74533E-2
-2.19000E+0	2.24000E-11	-2.22478E-7	2.22527E-7	8.44866E-2
-2.18000E+0	2.55000E-11	-2.52377E-7	2.52420E-7	8.88675E-2
-2.17000E+0	3.35000E-11	-2.87004E-7	2.87078E-7	9.66749E-2
-2.16000E+0	1.16000E-11	-3.25935E-7	3.26065E-7	1.02009E-1
-2.15000E+0	2.88000E-11	-3.71244E-7	3.71324E-7	1.11039E-1
-2.14000E+0	9.00000E-12	-4.21861E-7	4.21933E-7	1.16419E-1
-2.13000E+0	2.13000E-11	-4.79845E-7	4.79932E-7	1.25128E-1
-2.12000E+0	7.30000E-12	-5.47209E-7	5.47268E-7	1.36124E-1
-2.11000E+0	2.77000E-11	-6.22655E-7	6.22939E-7	1.43320E-1
-2.10000E+0	2.62000E-11	-7.10819E-7	7.11038E-7	1.56284E-1
-2.09000E+0	1.05000E-11	-8.09379E-7	8.09511E-7	1.63616E-1
-2.08000E+0	7.20000E-12	-9.22012E-7	9.22276E-7	1.75565E-1
-2.07000E+0	5.70000E-12	-1.05336E-6	1.05348E-6	1.91257E-1
-2.06000E+0	2.66000E-11	-1.20196E-6	1.20303E-6	2.03973E-1
-2.05000E+0	7.70000E-12	-1.37269E-6	1.37391E-6	2.18102E-1
-2.04000E+0	2.86000E-11	-1.56410E-6	1.56537E-6	2.28807E-1
-2.03000E+0	2.49000E-11	-1.78648E-6	1.78724E-6	2.48271E-1
-2.02000E+0	2.48000E-11	-2.03458E-6	2.03525E-6	2.59900E-1
-2.01000E+0	2.73000E-11	-2.31619E-6	2.31758E-6	2.77256E-1
-2.00000E+0	1.05000E-11	-2.63231E-6	2.63341E-6	2.90810E-1
-1.99000E+0	2.36000E-11	-2.99803E-6	2.99959E-6	3.16108E-1
-1.98000E+0	8.10000E-12	-3.41083E-6	3.41198E-6	3.33681E-1
-1.97000E+0	2.86000E-11	-3.88062E-6	3.88077E-6	3.55663E-1
-1.96000E+0	4.10000E-12	-4.40719E-6	4.40815E-6	3.75297E-1
-1.95000E+0	2.97000E-11	-5.00120E-6	5.00201E-6	3.96628E-1
-1.94000E+0	2.66000E-11	-5.67584E-6	5.67655E-6	4.22911E-1
-1.93000E+0	1.10000E-11	-6.42885E-6	6.42926E-6	4.43223E-1
-1.92000E+0	1.65000E-11	-7.27277E-6	7.27371E-6	4.67363E-1
-1.91000E+0	2.94000E-11	-8.22702E-6	8.22704E-6	4.96082E-1
-1.90000E+0	5.00000E-12	-9.28424E-6	9.28582E-6	5.18330E-1
-1.89000E+0	2.92000E-11	-1.04658E-5	1.04659E-5	5.43986E-1
-1.88000E+0	2.58000E-11	-1.17914E-5	1.17959E-5	5.77488E-1
-1.87000E+0	2.76000E-11	-1.32553E-5	1.32578E-5	5.98340E-1
-1.86000E+0	1.54000E-11	-1.48911E-5	1.48935E-5	6.31566E-1
-1.85000E+0	1.99000E-11	-1.66880E-5	1.66912E-5	6.55293E-1
-1.84000E+0	9.70000E-12	-1.86765E-5	1.86799E-5	6.85011E-1
-1.83000E+0	2.50000E-11	-2.08836E-5	2.08855E-5	7.18321E-1
-1.82000E+0	8.30000E-12	-2.32967E-5	2.32983E-5	7.43589E-1
-1.81000E+0	2.81000E-11	-2.59452E-5	2.59468E-5	7.73137E-1
-1.80000E+0	2.68000E-11	-2.88716E-5	2.88744E-5	8.09978E-1
-1.79000E+0	2.88000E-11	-3.20514E-5	3.20537E-5	8.34356E-1
-1.78000E+0	1.80000E-11	-3.55226E-5	3.55250E-5	8.64991E-1
-1.77000E+0	4.10000E-11	-3.93055E-5	3.93077E-5	8.95728E-1
-1.76000E+0	-3.10000E-12	-4.34510E-5	4.34534E-5	9.33473E-1
-1.75000E+0	2.66000E-11	-4.79179E-5	4.79209E-5	9.57334E-1
-1.74000E+0	2.48000E-11	-5.27605E-5	5.27587E-5	9.87606E-1
-1.73000E+0	3.29000E-11	-5.80332E-5	5.80376E-5	1.02727E+0
-1.72000E+0	2.61000E-11	-6.36847E-5	6.36884E-5	1.04910E+0
-1.71000E+0	7.80000E-12	-6.97735E-5	6.97803E-5	1.08008E+0
-1.70000E+0	2.80000E-11	-7.63746E-5	7.63791E-5	1.11800E+0
-1.69000E+0	5.30000E-12	-8.34046E-5	8.34081E-5	1.13896E+0
-1.68000E+0	2.91000E-11	-9.09392E-5	9.09441E-5	1.16899E+0
-1.67000E+0	5.80000E-12	-9.90003E-5	9.90067E-5	1.19821E+0
-1.66000E+0	1.55000E-11	-1.07677E-4	1.07683E-4	1.23605E+0
-1.65000E+0	1.91000E-11	-1.16859E-4	1.17106E-4	1.28734E+0
-1.64000E+0	8.60000E-12	-1.26744E-4	1.26884E-4	1.28213E+0
-1.63000E+0	1.38000E-11	-1.37219E-4	1.37364E-4	1.32045E+0
-1.62000E+0	9.70000E-12	-1.48257E-4	1.48397E-4	1.33676E+0
-1.61000E+0	5.50000E-12	-1.59957E-4	1.60092E-4	1.36376E+0
-1.60000E+0	2.34000E-11	-1.72421E-4	1.72553E-4	1.39933E+0
-1.59000E+0	6.00000E-12	-1.85505E-4	1.85636E-4	1.41581E+0
-1.58000E+0	2.90000E-11	-1.99317E-4	1.99454E-4	1.44216E+0
-1.57000E+0	8.40000E-12	-2.13982E-4	2.14112E-4	1.47622E+0
-1.56000E+0	8.30000E-12	-2.29310E-4	2.29435E-4	1.49011E+0
-1.55000E+0	-4.50000E-12	-2.45427E-4	2.45548E-4	1.51419E+0
-1.54000E+0	4.70000E-12	-2.62341E-4	2.62467E-4	1.53737E+0
-1.53000E+0	1.90000E-12	-2.80237E-4	2.80349E-4	1.57192E+0
-1.52000E+0	2.21000E-11	-2.98807E-4	2.98923E-4	1.58052E+0
-1.51000E+0	9.00000E-12	-3.18395E-4	3.18515E-4	1.61480E+0
-1.50000E+0	3.13000E-11	-3.38723E-4	3.38837E-4	1.62331E+0
-1.49000E+0	4.40000E-12	-3.59916E-4	3.60042E-4	1.64274E+0
-1.48000E+0	2.92000E-11	-3.82211E-4	3.82324E-4	1.67485E+0
-1.47000E+0	2.47000E-11	-4.05275E-4	4.05378E-4	1.68226E+0
-1.46000E+0	1.16000E-11	-4.29272E-4	4.29375E-4	1.70100E+0
-1.45000E+0	2.48000E-11	-4.54388E-4	4.54490E-4	1.73008E+0
-1.44000E+0	3.00000E-12	-4.80278E-4	4.80383E-4	1.73432E+0
-1.43000E+0	2.97000E-11	-5.07139E-4	5.07241E-4	1.75025E+0
-1.42000E+0	3.90000E-12	-5.35192E-4	5.35290E-4	1.77907E+0
-1.41000E+0	4.40000E-12	-5.64018E-4	5.64113E-4	1.78024E+0
-1.40000E+0	2.07000E-11	-5.93815E-4	5.93905E-4	1.79291E+0
-1.39000E+0	1.76000E-11	-6.24811E-4	6.24905E-4	1.81848E+0
-1.38000E+0	3.51000E-11	-6.56505E-4	6.56599E-4	1.81314E+0
-1.37000E+0	2.40000E-12	-6.89176E-4	6.89258E-4	1.82312E+0
-1.36000E+0	2.34000E-11	-7.22994E-4	7.23090E-4	1.84361E+0
-1.35000E+0	3.15000E-11	-7.57470E-4	7.57553E-4	1.83416E+0
-1.34000E+0	3.26000E-11	-7.92751E-4	7.92828E-4	1.83467E+0
-1.33000E+0	1.18000E-11	-8.29053E-4	8.29125E-4	1.84569E+0
-1.32000E+0	3.02000E-11	-8.65744E-4	8.65815E-4	1.82506E+0
-1.31000E+0	-2.10000E-12	-9.03260E-4	9.03339E-4	1.82697E+0
-1.30000E+0	2.33000E-11	-9.40959E-4	9.41031E-4	1.79733E+0
-1.29000E+0	2.93000E-11	-9.78856E-4	9.78913E-4	1.77048E+0
-1.28000E+0	1.40000E-11	-1.01708E-3	1.01714E-3	1.75216E+0
-1.27000E+0	2.11000E-11	-1.05490E-3	1.05493E-3	1.70036E+0
-1.26000E+0	8.70000E-12	-1.09235E-3	1.09238E-3	1.65470E+0
-1.25000E+0	3.00000E-11	-1.12948E-3	1.12953E-3	1.61404E+0
-1.24000E+0	1.00000E-12	-1.16559E-3	1.16600E-3	1.55879E+0
-1.23000E+0	2.43000E-11	-1.20083E-3	1.20121E-3	1.48197E+0
-1.22000E+0	1.34000E-11	-1.23516E-3	1.23553E-3	1.42375E+0
-1.21000E+0	2.92000E-11	-1.26805E-3	1.26846E-3	1.34761E+0
-1.20000E+0	4.50000E-12	-1.29967E-3	1.30002E-3	1.27523E+0
-1.19000E+0	2.52000E-11	-1.33022E-3	1.33060E-3	1.22095E+0
-1.18000E+0	1.80000E-11	-1.35927E-3	1.35966E-3	1.14732E+0
-1.17000E+0	1.79000E-11	-1.38730E-3	1.38766E-3	1.09393E+0
-1.16000E+0	1.14000E-11	-1.41392E-3	1.41427E-3	1.02944E+0
-1.15000E+0	8.00000E-13	-1.43941E-3	1.43977E-3	9.77452E-1
-1.14000E+0	2.87000E-11	-1.46397E-3	1.46433E-3	9.33270E-1
-1.13000E+0	4.00000E-13	-1.48743E-3	1.48779E-3	8.84189E-1
-1.12000E+0	3.07000E-11	-1.50992E-3	1.51027E-3	8.40737E-1
-1.11000E+0	4.30000E-12	-1.53182E-3	1.53222E-3	8.14899E-1
-1.10000E+0	3.59000E-11	-1.55273E-3	1.55308E-3	7.69040E-1
-1.09000E+0	3.30000E-11	-1.57316E-3	1.57350E-3	7.47832E-1
-1.08000E+0	3.17000E-11	-1.59279E-3	1.59315E-3	7.15065E-1
-1.07000E+0	6.20000E-12	-1.61188E-3	1.61224E-3	6.90476E-1
-1.06000E+0	3.18000E-11	-1.63069E-3	1.63105E-3	6.76361E-1
-1.05000E+0	-9.00000E-13	-1.64885E-3	1.64921E-3	6.49298E-1
-1.04000E+0	4.80000E-12	-1.66666E-3	1.66703E-3	6.33676E-1
-1.03000E+0	0.00000E+0	-1.68422E-3	1.68449E-3	6.17598E-1
-1.02000E+0	3.45000E-11	-1.70121E-3	1.70154E-3	6.00014E-1
-1.01000E+0	-5.00000E-13	-1.71805E-3	1.71846E-3	5.92474E-1
-1.00000E+0	3.44000E-11	-1.73438E-3	1.73472E-3	5.66621E-1
-9.90000E-1	2.76000E-11	-1.75043E-3	1.75075E-3	5.56013E-1
-9.80000E-1	3.32000E-11	-1.76634E-3	1.76664E-3	5.48650E-1
-9.70000E-1	9.10000E-12	-1.78163E-3	1.78203E-3	5.29039E-1
-9.60000E-1	3.21000E-11	-1.79687E-3	1.79727E-3	5.21636E-1
-9.50000E-1	8.00000E-13	-1.81193E-3	1.81227E-3	5.11266E-1
-9.40000E-1	3.25000E-11	-1.82661E-3	1.82700E-3	5.00008E-1
-9.30000E-1	2.54000E-11	-1.84119E-3	1.84158E-3	4.92936E-1
-9.20000E-1	1.21000E-11	-1.85544E-3	1.85584E-3	4.80233E-1
-9.10000E-1	3.01000E-11	-1.86950E-3	1.86984E-3	4.69685E-1
-9.00000E-1	6.10000E-12	-1.88343E-3	1.88372E-3	4.63927E-1
-8.90000E-1	3.56000E-11	-1.89703E-3	1.89734E-3	4.53578E-1
-8.80000E-1	3.10000E-11	-1.91054E-3	1.91091E-3	4.50297E-1
-8.70000E-1	8.70000E-12	-1.92384E-3	1.92420E-3	4.39458E-1
-8.60000E-1	2.64000E-11	-1.93696E-3	1.93735E-3	4.33338E-1
-8.50000E-1	5.50000E-12	-1.94988E-3	1.95024E-3	4.23345E-1
-8.40000E-1	3.20000E-11	-1.96293E-3	1.96317E-3	4.23255E-1
-8.30000E-1	3.01000E-11	-1.97550E-3	1.97581E-3	4.12417E-1
-8.20000E-1	3.03000E-11	-1.98794E-3	1.98827E-3	4.05255E-1
-8.10000E-1	1.49000E-11	-2.00049E-3	2.00080E-3	4.06253E-1
-8.00000E-1	2.62000E-11	-2.01271E-3	2.01306E-3	3.96270E-1
-7.90000E-1	1.10000E-11	-2.02487E-3	2.02520E-3	3.91204E-1
-7.80000E-1	1.98000E-11	-2.03706E-3	2.03743E-3	3.92920E-1
-7.70000E-1	2.41000E-11	-2.04911E-3	2.04947E-3	3.85666E-1
-7.60000E-1	1.82000E-11	-2.06096E-3	2.06132E-3	3.78475E-1
-7.50000E-1	1.39000E-11	-2.07284E-3	2.07321E-3	3.78661E-1
-7.40000E-1	-1.00000E-12	-2.08463E-3	2.08496E-3	3.73137E-1
-7.30000E-1	2.02000E-11	-2.09637E-3	2.09677E-3	3.73984E-1
-7.20000E-1	-3.70000E-12	-2.10792E-3	2.10827E-3	3.63157E-1
-7.10000E-1	2.23000E-11	-2.11945E-3	2.11975E-3	3.61539E-1
-7.00000E-1	4.90000E-12	-2.13103E-3	2.13136E-3	3.64638E-1
-6.90000E-1	2.72000E-11	-2.14229E-3	2.14263E-3	3.53011E-1
-6.80000E-1	3.30000E-12	-2.15365E-3	2.15398E-3	3.54580E-1
-6.70000E-1	3.16000E-11	-2.16498E-3	2.16537E-3	3.54892E-1
-6.60000E-1	3.14000E-11	-2.17613E-3	2.17664E-3	3.50235E-1
-6.50000E-1	9.10000E-12	-2.18735E-3	2.18756E-3	3.38494E-1
-6.40000E-1	2.34000E-11	-2.19830E-3	2.19865E-3	3.42900E-1
-6.30000E-1	4.80000E-12	-2.20931E-3	2.20974E-3	3.42037E-1
-6.20000E-1	3.06000E-11	-2.22038E-3	2.22078E-3	3.39643E-1
-6.10000E-1	3.20000E-12	-2.23135E-3	2.23174E-3	3.36348E-1
-6.00000E-1	4.50000E-12	-2.24228E-3	2.24261E-3	3.32771E-1
-5.90000E-1	3.90000E-12	-2.25314E-3	2.25354E-3	3.33796E-1
-5.80000E-1	2.66000E-11	-2.26411E-3	2.26450E-3	3.33900E-1
-5.70000E-1	3.50000E-12	-2.27478E-3	2.27518E-3	3.24593E-1
-5.60000E-1	2.97000E-11	-2.28544E-3	2.28581E-3	3.22318E-1
-5.50000E-1	3.00000E-12	-2.29627E-3	2.29651E-3	3.23685E-1
-5.40000E-1	6.00000E-12	-2.30674E-3	2.30718E-3	3.22027E-1
-5.30000E-1	2.20000E-11	-2.31759E-3	2.31795E-3	3.24291E-1
-5.20000E-1	1.20000E-11	-2.32814E-3	2.32851E-3	3.17237E-1
-5.10000E-1	3.05000E-11	-2.33875E-3	2.33902E-3	3.15022E-1
-5.00000E-1	1.54000E-11	-2.34921E-3	2.34949E-3	3.13120E-1
-4.90000E-1	2.66000E-11	-2.35977E-3	2.36015E-3	3.18086E-1
-4.80000E-1	-9.70000E-12	-2.37023E-3	2.37065E-3	3.12610E-1
-4.70000E-1	-1.60000E-12	-2.38082E-3	2.38118E-3	3.12809E-1
-4.60000E-1	1.20000E-11	-2.39126E-3	2.39163E-3	3.09749E-1
-4.50000E-1	1.98000E-11	-2.40168E-3	2.40213E-3	3.10551E-1
-4.40000E-1	9.70000E-12	-2.41214E-3	2.41256E-3	3.07809E-1
-4.30000E-1	2.91000E-11	-2.42272E-3	2.42311E-3	3.10674E-1
-4.20000E-1	1.67000E-11	-2.43324E-3	2.43353E-3	3.06183E-1
-4.10000E-1	2.40000E-11	-2.44375E-3	2.44414E-3	3.11093E-1
-4.00000E-1	2.67000E-11	-2.45421E-3	2.45459E-3	3.05742E-1
-3.90000E-1	1.53000E-11	-2.46470E-3	2.46516E-3	3.08592E-1
-3.80000E-1	2.27000E-11	-2.47530E-3	2.47569E-3	3.06767E-1
-3.70000E-1	3.40000E-12	-2.48593E-3	2.48627E-3	3.07567E-1
-3.60000E-1	2.38000E-11	-2.49640E-3	2.49680E-3	3.05465E-1
-3.50000E-1	1.32000E-11	-2.50707E-3	2.50742E-3	3.07424E-1
-3.40000E-1	2.65000E-11	-2.51766E-3	2.51801E-3	3.05908E-1
-3.30000E-1	2.39000E-11	-2.52841E-3	2.52886E-3	3.12752E-1
-3.20000E-1	2.69000E-11	-2.53925E-3	2.53951E-3	3.06335E-1
-3.10000E-1	2.66000E-11	-2.54994E-3	2.55036E-3	3.11428E-1
-3.00000E-1	1.40000E-11	-2.56071E-3	2.56098E-3	3.04185E-1
-2.90000E-1	2.43000E-11	-2.57159E-3	2.57196E-3	3.13834E-1
-2.80000E-1	7.00000E-12	-2.58269E-3	2.58302E-3	3.15444E-1
-2.70000E-1	2.87000E-11	-2.59361E-3	2.59395E-3	3.11074E-1
-2.60000E-1	6.60000E-12	-2.60450E-3	2.60495E-3	3.12405E-1
-2.50000E-1	2.55000E-11	-2.61572E-3	2.61597E-3	3.12312E-1
-2.40000E-1	9.80000E-12	-2.62693E-3	2.62726E-3	3.19283E-1
-2.30000E-1	1.17000E-11	-2.63810E-3	2.63850E-3	3.17188E-1
-2.20000E-1	1.95000E-11	-2.64929E-3	2.64966E-3	3.14263E-1
-2.10000E-1	2.04000E-11	-2.66078E-3	2.66110E-3	3.21461E-1
-2.00000E-1	2.14000E-11	-2.67203E-3	2.67237E-3	3.16009E-1
-1.90000E-1	2.44000E-11	-2.68348E-3	2.68384E-3	3.20934E-1
-1.80000E-1	2.49000E-11	-2.69458E-3	2.69495E-3	3.10208E-1
-1.70000E-1	1.60000E-11	-2.70588E-3	2.70623E-3	3.14301E-1
-1.60000E-1	2.10000E-11	-2.71712E-3	2.71746E-3	3.12258E-1
-1.50000E-1	8.20000E-12	-2.72856E-3	2.72891E-3	3.17712E-1
-1.40000E-1	2.43000E-11	-2.73978E-3	2.74012E-3	3.10407E-1
-1.30000E-1	1.28000E-11	-2.75086E-3	2.75131E-3	3.09221E-1
-1.20000E-1	1.75000E-11	-2.76193E-3	2.76232E-3	3.03633E-1
-1.10000E-1	4.30000E-12	-2.77267E-3	2.77300E-3	2.93955E-1
-1.00000E-1	2.17000E-11	-2.78348E-3	2.78380E-3	2.96683E-1
-9.00000E-2	-3.20000E-12	-2.79380E-3	2.79412E-3	2.82960E-1
-8.00000E-2	1.91000E-11	-2.80395E-3	2.80447E-3	2.83258E-1
-7.00000E-2	1.73000E-11	-2.81411E-3	2.81458E-3	2.76185E-1
-6.00000E-2	1.01000E-11	-2.82419E-3	2.82453E-3	2.71331E-1
-5.00000E-2	8.40000E-12	-2.83389E-3	2.83425E-3	2.64598E-1
-4.00000E-2	-4.00000E-13	-2.84332E-3	2.84371E-3	2.57085E-1
-3.00000E-2	1.43000E-11	-2.85259E-3	2.85295E-3	2.50693E-1
-2.00000E-2	1.81000E-11	-2.86156E-3	2.86166E-3	2.35942E-1
-1.00000E-2	2.67000E-11	-2.86994E-3	2.87039E-3	2.36124E-1
-1.96752E-14	9.10000E-12	-2.87881E-3	2.87923E-3	2.38734E-1
