0.00000E+0	1.75000E-11	5.30000E-12
1.00000E-1	4.47000E-11	2.87000E-11
2.00000E-1	3.73000E-11	3.70000E-12
3.00000E-1	4.15000E-11	2.81000E-11
4.00000E-1	5.03000E-11	2.70000E-11
5.00000E-1	4.99000E-11	2.58000E-11
6.00000E-1	4.81000E-11	1.98000E-11
7.00000E-1	3.06000E-11	2.78000E-11
8.00000E-1	2.86000E-11	2.70000E-11
9.00000E-1	3.31000E-11	3.80000E-12
1.00000E+0	3.84000E-11	2.70000E-11
1.10000E+0	5.15000E-11	2.77000E-11
1.20000E+0	5.61000E-11	2.66000E-11
1.30000E+0	5.80000E-11	2.21000E-11
1.40000E+0	3.12000E-11	1.64000E-11
1.50000E+0	3.56000E-11	1.18000E-11
1.60000E+0	4.01000E-11	6.70000E-12
1.70000E+0	5.84000E-11	2.71000E-11
1.80000E+0	4.00000E-11	2.86000E-11
1.90000E+0	4.72000E-11	2.63000E-11
2.00000E+0	4.32000E-11	2.66000E-11
2.10000E+0	4.10000E-11	2.35000E-11
2.20000E+0	5.68000E-11	8.30000E-12
2.30000E+0	3.91000E-11	2.63000E-11
2.40000E+0	3.67000E-11	2.45000E-11
2.50000E+0	3.66000E-11	6.40000E-12
2.60000E+0	5.90000E-11	2.65000E-11
2.70000E+0	4.07000E-11	9.90000E-12
2.80000E+0	4.93000E-11	2.56000E-11
2.90000E+0	4.12000E-11	2.53000E-11
3.00000E+0	5.63000E-11	7.90000E-12
3.10000E+0	4.01000E-11	2.43000E-11
3.20000E+0	5.24000E-11	9.60000E-12
3.30000E+0	5.40000E-11	1.24000E-11
3.40000E+0	5.47000E-11	1.68000E-11
3.50000E+0	5.50000E-11	2.76000E-11
3.60000E+0	3.52000E-11	6.30000E-12
3.70000E+0	5.04000E-11	2.56000E-11
3.80000E+0	4.73000E-11	2.57000E-11
3.90000E+0	5.03000E-11	9.10000E-12
4.00000E+0	4.32000E-11	2.93000E-11
4.10000E+0	3.48000E-11	2.61000E-11
4.20000E+0	4.03000E-11	2.33000E-11
4.30000E+0	3.61000E-11	2.54000E-11
4.40000E+0	5.94000E-11	1.03000E-11
4.50000E+0	3.94000E-11	2.22000E-11
4.60000E+0	5.34000E-11	1.44000E-11
4.70000E+0	3.84000E-11	7.70000E-12
4.80000E+0	3.70000E-11	9.20000E-12
4.90000E+0	3.86000E-11	1.15000E-11
5.00000E+0	4.42000E-11	1.29000E-11
0.00000E+0	6.20000E-12	2.25000E-11
1.00000E-1	1.81800E-10	1.03000E-11
2.00000E-1	1.77900E-10	1.39000E-11
3.00000E-1	1.86000E-10	1.19000E-11
4.00000E-1	1.82800E-10	1.23000E-11
5.00000E-1	1.82600E-10	2.78000E-11
6.00000E-1	1.75800E-10	2.73000E-11
7.00000E-1	1.77700E-10	8.80000E-12
8.00000E-1	1.78100E-10	8.80000E-12
9.00000E-1	1.75000E-10	8.00000E-12
1.00000E+0	1.78800E-10	1.21000E-11
1.10000E+0	1.84800E-10	2.57000E-11
1.20000E+0	1.72100E-10	1.56000E-11
1.30000E+0	1.89700E-10	8.40000E-12
1.40000E+0	1.89700E-10	1.96000E-11
1.50000E+0	1.86100E-10	7.80000E-12
1.60000E+0	1.90900E-10	2.32000E-11
1.70000E+0	1.81700E-10	8.30000E-12
1.80000E+0	1.85600E-10	2.43000E-11
1.90000E+0	1.90600E-10	2.63000E-11
2.00000E+0	1.94300E-10	2.45000E-11
2.10000E+0	1.93100E-10	2.18000E-11
2.20000E+0	1.76500E-10	1.14000E-11
2.30000E+0	1.98000E-10	7.40000E-12
2.40000E+0	1.90600E-10	6.60000E-12
2.50000E+0	1.91000E-10	7.90000E-12
2.60000E+0	1.93400E-10	1.05000E-11
2.70000E+0	1.88000E-10	1.09000E-11
2.80000E+0	1.86900E-10	2.56000E-11
2.90000E+0	1.86400E-10	6.50000E-12
3.00000E+0	1.86700E-10	2.76000E-11
3.10000E+0	1.92100E-10	2.35000E-11
3.20000E+0	1.91500E-10	2.46000E-11
3.30000E+0	1.91400E-10	2.21000E-11
3.40000E+0	1.74700E-10	1.33000E-11
3.50000E+0	1.93000E-10	1.94000E-11
3.60000E+0	1.78500E-10	2.36000E-11
3.70000E+0	1.77900E-10	2.50000E-11
3.80000E+0	1.78300E-10	2.47000E-11
3.90000E+0	1.74900E-10	7.20000E-12
4.00000E+0	1.87700E-10	2.45000E-11
4.10000E+0	1.81100E-10	9.40000E-12
4.20000E+0	1.86800E-10	2.40000E-11
4.30000E+0	1.88900E-10	2.12000E-11
4.40000E+0	1.94000E-10	2.60000E-11
4.50000E+0	1.94800E-10	2.51000E-11
4.60000E+0	1.93700E-10	2.05000E-11
4.70000E+0	1.77700E-10	2.36000E-11
4.80000E+0	1.79500E-10	1.55000E-11
4.90000E+0	1.77500E-10	1.16000E-11
5.00000E+0	1.95000E-10	2.21000E-11
0.00000E+0	2.97000E-11	8.90000E-12
1.00000E-1	3.96310E-9	2.60000E-11
2.00000E-1	4.16150E-9	1.13000E-11
3.00000E-1	4.18230E-9	1.00000E-11
4.00000E-1	4.20180E-9	9.50000E-12
5.00000E-1	4.20370E-9	9.80000E-12
6.00000E-1	4.21280E-9	8.90000E-12
7.00000E-1	4.21640E-9	1.06000E-11
8.00000E-1	4.21690E-9	1.11000E-11
9.00000E-1	4.22610E-9	1.13000E-11
1.00000E+0	4.22420E-9	1.12000E-11
1.10000E+0	4.21360E-9	1.41000E-11
1.20000E+0	4.22360E-9	1.59000E-11
1.30000E+0	4.22780E-9	2.61000E-11
1.40000E+0	4.21350E-9	2.20000E-11
1.50000E+0	4.22470E-9	2.41000E-11
1.60000E+0	4.22470E-9	1.10000E-11
1.70000E+0	4.22610E-9	1.17000E-11
1.80000E+0	4.22120E-9	8.10000E-12
1.90000E+0	4.22300E-9	1.10000E-11
2.00000E+0	4.22310E-9	8.60000E-12
2.10000E+0	4.22920E-9	8.90000E-12
2.20000E+0	4.22950E-9	8.50000E-12
2.30000E+0	4.22800E-9	1.24000E-11
2.40000E+0	4.22730E-9	1.45000E-11
2.50000E+0	4.23760E-9	1.64000E-11
2.60000E+0	4.23610E-9	1.68000E-11
2.70000E+0	4.22860E-9	2.47000E-11
2.80000E+0	4.21850E-9	2.35000E-11
2.90000E+0	4.22980E-9	2.28000E-11
3.00000E+0	4.22940E-9	1.09000E-11
3.10000E+0	4.23570E-9	7.90000E-12
3.20000E+0	4.23550E-9	8.50000E-12
3.30000E+0	4.22940E-9	8.70000E-12
3.40000E+0	4.23340E-9	8.30000E-12
3.50000E+0	4.23610E-9	8.50000E-12
3.60000E+0	4.23450E-9	8.20000E-12
3.70000E+0	4.23620E-9	8.30000E-12
3.80000E+0	4.23190E-9	1.15000E-11
3.90000E+0	4.22520E-9	1.26000E-11
4.00000E+0	4.22520E-9	1.60000E-11
4.10000E+0	4.22270E-9	2.69000E-11
4.20000E+0	4.24280E-9	2.60000E-11
4.30000E+0	4.23100E-9	1.84000E-11
4.40000E+0	4.22970E-9	2.29000E-11
4.50000E+0	4.23280E-9	1.61000E-11
4.60000E+0	4.22870E-9	1.78000E-11
4.70000E+0	4.23660E-9	1.19000E-11
4.80000E+0	4.24170E-9	9.50000E-12
4.90000E+0	4.22720E-9	1.27000E-11
5.00000E+0	4.22730E-9	1.08000E-11
0.00000E+0	3.17600E-10	7.30000E-12
1.00000E-1	9.52856E-8	9.50000E-12
2.00000E-1	1.02486E-7	1.03000E-11
3.00000E-1	1.03840E-7	2.37000E-11
4.00000E-1	1.04289E-7	7.60000E-12
5.00000E-1	1.04434E-7	2.49000E-11
6.00000E-1	1.04543E-7	1.03000E-11
7.00000E-1	1.04582E-7	1.35000E-11
8.00000E-1	1.04584E-7	1.70000E-11
9.00000E-1	1.04670E-7	9.80000E-12
1.00000E+0	1.04645E-7	7.70000E-12
1.10000E+0	1.04667E-7	1.00000E-11
1.20000E+0	1.04688E-7	8.30000E-12
1.30000E+0	1.04786E-7	1.20000E-11
1.40000E+0	1.04710E-7	2.79000E-11
1.50000E+0	1.04698E-7	1.18000E-11
1.60000E+0	1.04732E-7	2.60000E-11
1.70000E+0	1.04759E-7	8.90000E-12
1.80000E+0	1.04731E-7	2.02000E-11
1.90000E+0	1.04744E-7	1.47000E-11
2.00000E+0	1.04746E-7	2.08000E-11
2.10000E+0	1.04763E-7	2.48000E-11
2.20000E+0	1.04751E-7	1.46000E-11
2.30000E+0	1.04748E-7	1.08000E-11
2.40000E+0	1.04772E-7	1.06000E-11
2.50000E+0	1.04796E-7	9.90000E-12
2.60000E+0	1.04810E-7	1.48000E-11
2.70000E+0	1.04743E-7	2.18000E-11
2.80000E+0	1.04782E-7	1.02000E-11
2.90000E+0	1.04782E-7	2.15000E-11
3.00000E+0	1.04788E-7	1.05000E-11
3.10000E+0	1.04761E-7	1.97000E-11
3.20000E+0	1.04812E-7	1.04000E-11
3.30000E+0	1.04829E-7	1.95000E-11
3.40000E+0	1.04806E-7	1.52000E-11
3.50000E+0	1.04804E-7	2.31000E-11
3.60000E+0	1.04837E-7	2.20000E-11
3.70000E+0	1.04814E-7	2.51000E-11
3.80000E+0	1.04786E-7	2.17000E-11
3.90000E+0	1.04787E-7	2.20000E-11
4.00000E+0	1.04788E-7	2.36000E-11
4.10000E+0	1.04828E-7	1.01000E-11
4.20000E+0	1.04805E-7	2.40000E-11
4.30000E+0	1.04820E-7	1.02000E-11
4.40000E+0	1.04790E-7	2.09000E-11
4.50000E+0	1.04812E-7	1.28000E-11
4.60000E+0	1.04794E-7	2.10000E-11
4.70000E+0	1.04878E-7	1.16000E-11
4.80000E+0	1.04824E-7	2.20000E-11
4.90000E+0	1.04809E-7	1.22000E-11
5.00000E+0	1.04797E-7	2.06000E-11
0.00000E+0	8.08160E-9	1.21000E-11
1.00000E-1	2.47741E-6	1.56000E-11
2.00000E-1	2.60327E-6	1.71000E-11
3.00000E-1	2.62303E-6	1.63000E-11
4.00000E-1	2.62829E-6	1.22000E-11
5.00000E-1	2.63075E-6	2.20000E-11
6.00000E-1	2.63173E-6	1.06000E-11
7.00000E-1	2.63238E-6	2.08000E-11
8.00000E-1	2.63266E-6	1.27000E-11
9.00000E-1	2.63275E-6	1.06000E-11
1.00000E+0	2.63314E-6	1.23000E-11
1.10000E+0	2.63327E-6	1.13000E-11
1.20000E+0	2.63328E-6	1.07000E-11
1.30000E+0	2.63334E-6	1.21000E-11
1.40000E+0	2.63335E-6	1.10000E-11
1.50000E+0	2.63342E-6	1.32000E-11
1.60000E+0	2.63354E-6	9.60000E-12
1.70000E+0	2.63307E-6	1.07000E-11
1.80000E+0	2.63365E-6	1.07000E-11
1.90000E+0	2.63350E-6	1.15000E-11
2.00000E+0	2.63329E-6	1.42000E-11
2.10000E+0	2.63357E-6	1.40000E-11
2.20000E+0	2.63345E-6	1.61000E-11
2.30000E+0	2.63367E-6	1.59000E-11
2.40000E+0	2.63328E-6	1.52000E-11
2.50000E+0	2.63375E-6	2.20000E-11
2.60000E+0	2.63313E-6	1.14000E-11
2.70000E+0	2.63355E-6	2.46000E-11
2.80000E+0	2.63306E-6	1.28000E-11
2.90000E+0	2.63356E-6	2.46000E-11
3.00000E+0	2.63350E-6	9.60000E-12
3.10000E+0	2.63292E-6	9.40000E-12
3.20000E+0	2.63320E-6	8.60000E-12
3.30000E+0	2.63337E-6	9.70000E-12
3.40000E+0	2.63283E-6	1.09000E-11
3.50000E+0	2.63302E-6	1.03000E-11
3.60000E+0	2.63297E-6	1.29000E-11
3.70000E+0	2.63258E-6	1.16000E-11
3.80000E+0	2.63252E-6	1.15000E-11
3.90000E+0	2.63277E-6	1.41000E-11
4.00000E+0	2.63235E-6	9.40000E-12
4.10000E+0	2.63290E-6	1.30000E-11
4.20000E+0	2.63255E-6	1.35000E-11
4.30000E+0	2.63246E-6	1.36000E-11
4.40000E+0	2.63250E-6	2.22000E-11
4.50000E+0	2.63245E-6	1.26000E-11
4.60000E+0	2.63233E-6	1.08000E-11
4.70000E+0	2.63272E-6	2.28000E-11
4.80000E+0	2.63246E-6	1.03000E-11
4.90000E+0	2.63262E-6	2.14000E-11
5.00000E+0	2.63246E-6	1.18000E-11
0.00000E+0	7.93019E-8	1.40000E-11
1.00000E-1	3.97086E-5	9.30000E-12
2.00000E-1	4.68448E-5	8.60000E-12
3.00000E-1	4.76817E-5	1.14000E-11
4.00000E-1	4.78353E-5	1.20000E-11
5.00000E-1	4.78817E-5	1.17000E-11
6.00000E-1	4.79020E-5	1.16000E-11
7.00000E-1	4.79133E-5	9.20000E-12
8.00000E-1	4.79201E-5	1.00000E-11
9.00000E-1	4.79236E-5	8.90000E-12
1.00000E+0	4.79275E-5	9.70000E-12
1.10000E+0	4.79290E-5	1.17000E-11
1.20000E+0	4.79314E-5	1.14000E-11
1.30000E+0	4.79354E-5	8.70000E-12
1.40000E+0	4.79384E-5	1.02000E-11
1.50000E+0	4.79396E-5	1.17000E-11
1.60000E+0	4.79416E-5	1.19000E-11
1.70000E+0	4.79473E-5	1.39000E-11
1.80000E+0	4.79495E-5	1.71000E-11
1.90000E+0	4.79498E-5	1.51000E-11
2.00000E+0	4.79518E-5	1.62000E-11
2.10000E+0	4.79535E-5	2.03000E-11
2.20000E+0	4.79581E-5	1.24000E-11
2.30000E+0	4.79624E-5	2.29000E-11
2.40000E+0	4.79628E-5	1.18000E-11
2.50000E+0	4.79667E-5	1.93000E-11
2.60000E+0	4.79689E-5	1.39000E-11
2.70000E+0	4.79697E-5	2.15000E-11
2.80000E+0	4.79734E-5	1.13000E-11
2.90000E+0	4.79781E-5	1.97000E-11
3.00000E+0	4.79794E-5	1.50000E-11
3.10000E+0	4.79818E-5	1.77000E-11
3.20000E+0	4.79831E-5	1.55000E-11
3.30000E+0	4.79844E-5	1.39000E-11
3.40000E+0	4.79874E-5	1.55000E-11
3.50000E+0	4.79894E-5	1.28000E-11
3.60000E+0	4.79898E-5	1.34000E-11
3.70000E+0	4.79929E-5	1.32000E-11
3.80000E+0	4.79960E-5	1.40000E-11
3.90000E+0	4.79968E-5	1.52000E-11
4.00000E+0	4.79992E-5	1.40000E-11
4.10000E+0	4.80024E-5	1.51000E-11
4.20000E+0	4.80076E-5	1.49000E-11
4.30000E+0	4.80091E-5	1.39000E-11
4.40000E+0	4.80122E-5	1.56000E-11
4.50000E+0	4.80171E-5	1.49000E-11
4.60000E+0	4.80188E-5	1.64000E-11
4.70000E+0	4.80246E-5	1.19000E-11
4.80000E+0	4.80254E-5	1.33000E-11
4.90000E+0	4.80299E-5	2.10000E-11
5.00000E+0	4.80328E-5	1.40000E-11
0.00000E+0	3.44992E-7	1.48000E-11
1.00000E-1	1.30911E-4	1.94000E-11
2.00000E-1	2.30931E-4	2.02000E-11
3.00000E-1	2.94151E-4	2.08000E-11
4.00000E-1	3.23352E-4	1.74000E-11
5.00000E-1	3.33380E-4	2.28000E-11
6.00000E-1	3.36595E-4	1.60000E-11
7.00000E-1	3.37780E-4	2.10000E-11
8.00000E-1	3.38310E-4	1.47000E-11
9.00000E-1	3.38595E-4	1.81000E-11
1.00000E+0	3.38773E-4	2.16000E-11
1.10000E+0	3.38899E-4	1.96000E-11
1.20000E+0	3.39005E-4	1.91000E-11
1.30000E+0	3.39090E-4	2.24000E-11
1.40000E+0	3.39170E-4	1.97000E-11
1.50000E+0	3.39251E-4	1.82000E-11
1.60000E+0	3.39321E-4	1.68000E-11
1.70000E+0	3.39397E-4	2.26000E-11
1.80000E+0	3.39463E-4	1.56000E-11
1.90000E+0	3.39528E-4	1.11000E-11
2.00000E+0	3.39604E-4	1.66000E-11
2.10000E+0	3.39672E-4	2.24000E-11
2.20000E+0	3.39745E-4	1.47000E-11
2.30000E+0	3.39827E-4	1.60000E-11
2.40000E+0	3.39896E-4	2.26000E-11
2.50000E+0	3.39962E-4	1.43000E-11
2.60000E+0	3.40043E-4	1.70000E-11
2.70000E+0	3.40149E-4	1.94000E-11
2.80000E+0	3.40226E-4	1.27000E-11
2.90000E+0	3.40294E-4	2.06000E-11
3.00000E+0	3.40370E-4	1.46000E-11
3.10000E+0	3.40452E-4	2.04000E-11
3.20000E+0	3.40533E-4	1.18000E-11
3.30000E+0	3.40621E-4	1.44000E-11
3.40000E+0	3.40693E-4	1.80000E-11
3.50000E+0	3.40786E-4	2.11000E-11
3.60000E+0	3.40860E-4	2.01000E-11
3.70000E+0	3.40937E-4	1.96000E-11
3.80000E+0	3.41020E-4	1.79000E-11
3.90000E+0	3.41101E-4	1.73000E-11
4.00000E+0	3.41191E-4	1.82000E-11
4.10000E+0	3.41270E-4	1.86000E-11
4.20000E+0	3.41356E-4	2.08000E-11
4.30000E+0	3.41444E-4	1.98000E-11
4.40000E+0	3.41523E-4	1.85000E-11
4.50000E+0	3.41617E-4	1.68000E-11
4.60000E+0	3.41708E-4	2.05000E-11
4.70000E+0	3.41789E-4	1.94000E-11
4.80000E+0	3.41883E-4	1.62000E-11
4.90000E+0	3.41971E-4	1.70000E-11
5.00000E+0	3.42064E-4	1.96000E-11
0.00000E+0	4.37723E-7	1.71000E-11
1.00000E-1	1.77070E-4	1.30000E-11
2.00000E-1	3.42476E-4	1.51000E-11
3.00000E-1	4.95969E-4	1.54000E-11
4.00000E-1	6.36600E-4	1.55000E-11
5.00000E-1	7.63032E-4	1.48000E-11
6.00000E-1	8.73556E-4	1.32000E-11
7.00000E-1	9.66424E-4	1.40000E-11
8.00000E-1	1.04012E-3	1.60000E-11
9.00000E-1	1.09379E-3	1.57000E-11
1.00000E+0	1.12974E-3	1.54000E-11
1.10000E+0	1.15198E-3	2.30000E-11
1.20000E+0	1.16513E-3	1.52000E-11
1.30000E+0	1.17294E-3	2.01000E-11
1.40000E+0	1.17767E-3	1.81000E-11
1.50000E+0	1.18076E-3	1.94000E-11
1.60000E+0	1.18283E-3	2.08000E-11
1.70000E+0	1.18438E-3	1.84000E-11
1.80000E+0	1.18553E-3	2.14000E-11
1.90000E+0	1.18651E-3	1.92000E-11
2.00000E+0	1.18736E-3	2.37000E-11
2.10000E+0	1.18810E-3	1.92000E-11
2.20000E+0	1.18878E-3	1.86000E-11
2.30000E+0	1.18949E-3	1.69000E-11
2.40000E+0	1.19009E-3	2.09000E-11
2.50000E+0	1.19071E-3	1.56000E-11
2.60000E+0	1.19130E-3	2.04000E-11
2.70000E+0	1.19191E-3	1.85000E-11
2.80000E+0	1.19251E-3	1.43000E-11
2.90000E+0	1.19306E-3	1.17000E-11
3.00000E+0	1.19367E-3	1.97000E-11
3.10000E+0	1.19422E-3	1.05000E-11
3.20000E+0	1.19475E-3	2.33000E-11
3.30000E+0	1.19531E-3	1.36000E-11
3.40000E+0	1.19590E-3	2.27000E-11
3.50000E+0	1.19647E-3	1.49000E-11
3.60000E+0	1.19704E-3	1.99000E-11
3.70000E+0	1.19764E-3	1.19000E-11
3.80000E+0	1.19824E-3	1.97000E-11
3.90000E+0	1.19884E-3	1.19000E-11
4.00000E+0	1.19943E-3	1.95000E-11
4.10000E+0	1.20008E-3	1.37000E-11
4.20000E+0	1.20069E-3	2.09000E-11
4.30000E+0	1.20133E-3	1.31000E-11
4.40000E+0	1.20195E-3	1.91000E-11
4.50000E+0	1.20261E-3	1.08000E-11
4.60000E+0	1.20327E-3	2.18000E-11
4.70000E+0	1.20387E-3	1.23000E-11
4.80000E+0	1.20457E-3	2.05000E-11
4.90000E+0	1.20524E-3	1.22000E-11
5.00000E+0	1.20585E-3	2.16000E-11
0.00000E+0	5.01583E-7	1.98000E-11
1.00000E-1	2.02676E-4	1.40000E-11
2.00000E-1	3.98451E-4	1.51000E-11
3.00000E-1	5.87839E-4	1.68000E-11
4.00000E-1	7.70938E-4	1.46000E-11
5.00000E-1	9.47658E-4	1.69000E-11
6.00000E-1	1.11842E-3	2.01000E-11
7.00000E-1	1.28249E-3	1.97000E-11
8.00000E-1	1.43975E-3	2.18000E-11
9.00000E-1	1.59008E-3	2.06000E-11
1.00000E+0	1.73331E-3	1.90000E-11
1.10000E+0	1.86890E-3	1.96000E-11
1.20000E+0	1.99638E-3	2.25000E-11
1.30000E+0	2.11542E-3	2.01000E-11
1.40000E+0	2.22523E-3	2.44000E-11
1.50000E+0	2.32534E-3	1.04000E-11
1.60000E+0	2.41507E-3	2.59000E-11
1.70000E+0	2.49405E-3	1.52000E-11
1.80000E+0	2.56203E-3	2.18000E-11
1.90000E+0	2.61898E-3	1.16000E-11
2.00000E+0	2.66557E-3	2.01000E-11
2.10000E+0	2.70278E-3	1.32000E-11
2.20000E+0	2.73177E-3	2.05000E-11
2.30000E+0	2.75416E-3	1.26000E-11
2.40000E+0	2.77135E-3	2.15000E-11
2.50000E+0	2.78460E-3	1.23000E-11
2.60000E+0	2.79493E-3	2.08000E-11
2.70000E+0	2.80317E-3	1.28000E-11
2.80000E+0	2.80984E-3	1.89000E-11
2.90000E+0	2.81538E-3	1.08000E-11
3.00000E+0	2.82011E-3	2.16000E-11
3.10000E+0	2.82425E-3	1.03000E-11
3.20000E+0	2.82800E-3	2.07000E-11
3.30000E+0	2.83140E-3	1.44000E-11
3.40000E+0	2.83457E-3	2.13000E-11
3.50000E+0	2.83754E-3	1.57000E-11
3.60000E+0	2.84037E-3	2.14000E-11
3.70000E+0	2.84308E-3	1.65000E-11
3.80000E+0	2.84573E-3	1.75000E-11
3.90000E+0	2.84834E-3	1.52000E-11
4.00000E+0	2.85094E-3	1.89000E-11
4.10000E+0	2.85348E-3	2.49000E-11
4.20000E+0	2.85620E-3	2.17000E-11
4.30000E+0	2.85890E-3	2.33000E-11
4.40000E+0	2.86158E-3	2.24000E-11
4.50000E+0	2.86422E-3	2.00000E-11
4.60000E+0	2.86683E-3	2.19000E-11
4.70000E+0	2.86949E-3	1.04000E-11
4.80000E+0	2.87192E-3	2.32000E-11
4.90000E+0	2.87435E-3	1.28000E-11
5.00000E+0	2.87681E-3	2.21000E-11
0.00000E+0	5.51284E-7	1.04000E-11
1.00000E-1	2.26759E-4	2.50000E-11
2.00000E-1	4.48556E-4	2.67000E-11
3.00000E-1	6.65825E-4	2.04000E-11
4.00000E-1	8.78582E-4	2.33000E-11
5.00000E-1	1.08706E-3	2.39000E-11
6.00000E-1	1.29066E-3	9.80000E-12
7.00000E-1	1.48992E-3	1.76000E-11
8.00000E-1	1.68437E-3	1.32000E-11
9.00000E-1	1.87454E-3	2.25000E-11
1.00000E+0	2.06019E-3	1.66000E-11
1.10000E+0	2.24136E-3	1.93000E-11
1.20000E+0	2.41792E-3	1.53000E-11
1.30000E+0	2.59000E-3	1.20000E-11
1.40000E+0	2.75742E-3	7.00000E-12
1.50000E+0	2.92029E-3	1.02000E-11
1.60000E+0	3.07857E-3	8.70000E-12
1.70000E+0	3.23201E-3	1.21000E-11
1.80000E+0	3.38079E-3	1.06000E-11
1.90000E+0	3.52466E-3	1.14000E-11
2.00000E+0	3.66363E-3	2.11000E-11
2.10000E+0	3.79754E-3	1.13000E-11
2.20000E+0	3.92648E-3	1.20000E-11
2.30000E+0	4.04998E-3	2.41000E-11
2.40000E+0	4.16821E-3	8.70000E-12
2.50000E+0	4.28114E-3	2.07000E-11
2.60000E+0	4.38839E-3	8.50000E-12
2.70000E+0	4.48987E-3	2.29000E-11
2.80000E+0	4.58570E-3	1.16000E-11
2.90000E+0	4.67554E-3	2.26000E-11
3.00000E+0	4.75942E-3	1.32000E-11
3.10000E+0	4.83722E-3	2.00000E-11
3.20000E+0	4.90887E-3	1.15000E-11
3.30000E+0	4.97469E-3	1.95000E-11
3.40000E+0	5.03448E-3	1.18000E-11
3.50000E+0	5.08863E-3	1.80000E-11
3.60000E+0	5.13720E-3	1.55000E-11
3.70000E+0	5.18075E-3	1.32000E-11
3.80000E+0	5.21933E-3	1.73000E-11
3.90000E+0	5.25359E-3	1.20000E-11
4.00000E+0	5.28423E-3	1.16000E-11
4.10000E+0	5.31100E-3	1.74000E-11
4.20000E+0	5.33462E-3	1.28000E-11
4.30000E+0	5.35565E-3	2.06000E-11
4.40000E+0	5.37475E-3	1.99000E-11
4.50000E+0	5.39188E-3	2.36000E-11
4.60000E+0	5.40739E-3	1.81000E-11
4.70000E+0	5.42106E-3	1.35000E-11
4.80000E+0	5.43409E-3	2.55000E-11
4.90000E+0	5.44519E-3	2.11000E-11
5.00000E+0	5.45544E-3	1.95000E-11
0.00000E+0	5.95848E-7	1.87000E-11
1.00000E-1	2.47691E-4	1.20000E-11
2.00000E-1	4.91667E-4	1.98000E-11
3.00000E-1	7.32125E-4	9.80000E-12
4.00000E-1	9.68960E-4	2.20000E-11
5.00000E-1	1.20234E-3	1.28000E-11
6.00000E-1	1.43174E-3	9.30000E-12
7.00000E-1	1.65732E-3	9.60000E-12
8.00000E-1	1.87895E-3	1.10000E-11
9.00000E-1	2.09680E-3	1.27000E-11
1.00000E+0	2.31091E-3	1.31000E-11
1.10000E+0	2.52129E-3	1.34000E-11
1.20000E+0	2.72774E-3	1.45000E-11
1.30000E+0	2.93067E-3	1.28000E-11
1.40000E+0	3.12960E-3	1.35000E-11
1.50000E+0	3.32476E-3	1.41000E-11
1.60000E+0	3.51636E-3	1.19000E-11
1.70000E+0	3.70409E-3	1.50000E-11
1.80000E+0	3.88827E-3	1.37000E-11
1.90000E+0	4.06866E-3	1.35000E-11
2.00000E+0	4.24563E-3	1.32000E-11
2.10000E+0	4.41893E-3	1.30000E-11
2.20000E+0	4.58871E-3	1.50000E-11
2.30000E+0	4.75461E-3	1.52000E-11
2.40000E+0	4.91704E-3	1.41000E-11
2.50000E+0	5.07611E-3	1.43000E-11
2.60000E+0	5.23159E-3	1.34000E-11
2.70000E+0	5.38352E-3	1.52000E-11
2.80000E+0	5.53212E-3	1.49000E-11
2.90000E+0	5.67737E-3	1.56000E-11
3.00000E+0	5.81907E-3	1.76000E-11
3.10000E+0	5.95685E-3	1.56000E-11
3.20000E+0	6.09135E-3	1.89000E-11
3.30000E+0	6.22257E-3	1.37000E-11
3.40000E+0	6.35032E-3	2.22000E-11
3.50000E+0	6.47515E-3	1.40000E-11
3.60000E+0	6.59638E-3	1.76000E-11
3.70000E+0	6.71462E-3	1.69000E-11
3.80000E+0	6.82943E-3	1.88000E-11
3.90000E+0	6.94150E-3	1.31000E-11
4.00000E+0	7.05012E-3	1.61000E-11
4.10000E+0	7.15565E-3	1.48000E-11
4.20000E+0	7.25776E-3	1.85000E-11
4.30000E+0	7.35716E-3	1.51000E-11
4.40000E+0	7.45365E-3	1.80000E-11
4.50000E+0	7.54674E-3	1.32000E-11
4.60000E+0	7.63716E-3	1.35000E-11
4.70000E+0	7.72437E-3	1.08000E-11
4.80000E+0	7.80880E-3	1.76000E-11
4.90000E+0	7.89048E-3	1.45000E-11
5.00000E+0	7.96895E-3	1.68000E-11
0.00000E+0	6.41955E-7	1.63000E-11
1.00000E-1	2.70662E-4	1.49000E-11
2.00000E-1	5.38431E-4	1.58000E-11
3.00000E-1	8.03127E-4	1.90000E-11
4.00000E-1	1.06461E-3	1.54000E-11
5.00000E-1	1.32240E-3	1.50000E-11
6.00000E-1	1.57613E-3	1.60000E-11
7.00000E-1	1.82667E-3	1.94000E-11
8.00000E-1	2.07315E-3	1.61000E-11
9.00000E-1	2.31604E-3	1.55000E-11
1.00000E+0	2.55460E-3	1.81000E-11
1.10000E+0	2.78945E-3	1.96000E-11
1.20000E+0	3.02069E-3	2.07000E-11
1.30000E+0	3.24819E-3	1.45000E-11
1.40000E+0	3.47211E-3	2.03000E-11
1.50000E+0	3.69228E-3	1.99000E-11
1.60000E+0	3.90888E-3	1.57000E-11
1.70000E+0	4.12175E-3	1.79000E-11
1.80000E+0	4.33128E-3	1.69000E-11
1.90000E+0	4.53690E-3	1.68000E-11
2.00000E+0	4.73915E-3	1.60000E-11
2.10000E+0	4.93793E-3	1.93000E-11
2.20000E+0	5.13338E-3	1.22000E-11
2.30000E+0	5.32491E-3	1.68000E-11
2.40000E+0	5.51331E-3	1.56000E-11
2.50000E+0	5.69818E-3	1.81000E-11
2.60000E+0	5.88008E-3	1.65000E-11
2.70000E+0	6.05837E-3	1.65000E-11
2.80000E+0	6.23365E-3	1.83000E-11
2.90000E+0	6.40560E-3	1.59000E-11
3.00000E+0	6.57450E-3	1.44000E-11
3.10000E+0	6.73985E-3	1.73000E-11
3.20000E+0	6.90154E-3	1.68000E-11
3.30000E+0	7.06097E-3	1.58000E-11
3.40000E+0	7.21718E-3	1.92000E-11
3.50000E+0	7.37069E-3	1.85000E-11
3.60000E+0	7.52076E-3	1.91000E-11
3.70000E+0	7.66849E-3	1.27000E-11
3.80000E+0	7.81283E-3	2.04000E-11
3.90000E+0	7.95467E-3	1.92000E-11
4.00000E+0	8.09409E-3	1.82000E-11
4.10000E+0	8.23051E-3	1.66000E-11
4.20000E+0	8.36250E-3	1.73000E-11
4.30000E+0	8.49201E-3	1.40000E-11
4.40000E+0	8.61959E-3	1.77000E-11
4.50000E+0	8.74443E-3	1.64000E-11
4.60000E+0	8.86695E-3	1.71000E-11
4.70000E+0	8.98629E-3	1.26000E-11
4.80000E+0	9.10349E-3	2.04000E-11
4.90000E+0	9.21883E-3	1.42000E-11
5.00000E+0	9.33144E-3	1.68000E-11
0.00000E+0	6.67615E-7	1.48000E-11
1.00000E-1	2.86084E-4	1.90000E-11
2.00000E-1	5.71928E-4	2.08000E-11
3.00000E-1	8.57096E-4	1.80000E-11
4.00000E-1	1.14098E-3	2.03000E-11
5.00000E-1	1.42292E-3	1.51000E-11
6.00000E-1	1.70216E-3	2.01000E-11
7.00000E-1	1.97902E-3	1.42000E-11
8.00000E-1	2.25269E-3	1.89000E-11
9.00000E-1	2.52326E-3	1.24000E-11
1.00000E+0	2.79057E-3	1.79000E-11
1.10000E+0	3.05430E-3	1.18000E-11
1.20000E+0	3.31417E-3	2.26000E-11
1.30000E+0	3.57033E-3	1.25000E-11
1.40000E+0	3.82224E-3	1.70000E-11
1.50000E+0	4.07000E-3	1.46000E-11
1.60000E+0	4.31374E-3	1.50000E-11
1.70000E+0	4.55318E-3	1.29000E-11
1.80000E+0	4.78833E-3	1.43000E-11
1.90000E+0	5.01939E-3	1.43000E-11
2.00000E+0	5.24619E-3	1.65000E-11
2.10000E+0	5.46861E-3	1.69000E-11
2.20000E+0	5.68702E-3	1.34000E-11
2.30000E+0	5.90125E-3	1.93000E-11
2.40000E+0	6.11161E-3	2.04000E-11
2.50000E+0	6.31733E-3	1.66000E-11
2.60000E+0	6.51959E-3	1.28000E-11
2.70000E+0	6.71735E-3	1.07000E-11
2.80000E+0	6.91183E-3	2.12000E-11
2.90000E+0	7.10000E-3	1.57000E-11
3.00000E+0	7.28492E-3	1.32000E-11
3.10000E+0	7.46895E-3	1.40000E-11
3.20000E+0	7.64894E-3	1.31000E-11
3.30000E+0	7.82541E-3	1.12000E-11
3.40000E+0	7.99851E-3	1.10000E-11
3.50000E+0	8.16823E-3	2.08000E-11
3.60000E+0	8.33536E-3	1.82000E-11
3.70000E+0	8.49756E-3	1.24000E-11
3.80000E+0	8.65841E-3	2.37000E-11
3.90000E+0	8.81624E-3	1.55000E-11
4.00000E+0	8.97079E-3	2.25000E-11
4.10000E+0	9.12211E-3	1.50000E-11
4.20000E+0	9.27037E-3	1.99000E-11
4.30000E+0	9.41582E-3	1.07000E-11
4.40000E+0	9.55887E-3	1.98000E-11
4.50000E+0	9.69883E-3	1.18000E-11
4.60000E+0	9.83510E-3	2.07000E-11
4.70000E+0	9.99600E-3	2.01000E-11
4.80000E+0	1.01302E-2	2.21000E-11
4.90000E+0	1.02603E-2	1.97000E-11
5.00000E+0	1.03880E-2	1.99000E-11
