10/12/2024	14:50	Sample #1Int Time: 1	Thickness: 0	Width: 2	Length: 0	Regime: LinearVS: 0	VD: 1	VC: 0VG	IG	IS	ID	LinearMobility-3.00000E+0	-1.70000E-12	-1.20000E-12	-3.05000E-11	3.19872E-3
-2.95000E+0	-4.20000E-12	8.40000E-12	-2.54000E-11	2.79659E-4
-2.90000E+0	2.76000E-11	3.04000E-11	-1.83000E-11	4.41343E-4
-2.85000E+0	2.81000E-11	3.07000E-11	6.40000E-12	1.01245E-3
-2.80000E+0	-9.00000E-13	2.57000E-11	-1.81000E-11	9.98875E-4
-2.75000E+0	-1.40000E-12	2.30000E-11	-2.16000E-11	2.27723E-4
-2.70000E+0	1.74000E-11	-3.90000E-12	-2.11000E-11	3.13382E-5
-2.65000E+0	2.86000E-11	1.00000E-12	-8.30000E-12	9.91875E-4
-2.60000E+0	-9.00000E-13	2.38000E-11	-2.30000E-11	1.10908E-3
-2.55000E+0	1.26000E-11	6.00000E-13	6.80000E-12	1.26737E-3
-2.50000E+0	1.81000E-11	3.23000E-11	-3.04000E-11	1.68311E-3
-2.45000E+0	1.19000E-11	3.25000E-11	-3.30000E-11	1.33761E-4
-2.40000E+0	2.59000E-11	2.33000E-11	5.00000E-12	2.03211E-3
-2.35000E+0	-1.50000E-12	1.22000E-11	-7.40000E-12	2.80462E-4
-2.30000E+0	3.02000E-11	3.18000E-11	-2.50000E-11	1.32040E-3
-2.25000E+0	-8.00000E-13	-3.80000E-12	6.50000E-12	1.41932E-3
-2.20000E+0	2.26000E-11	3.00000E-11	-3.20000E-11	1.79976E-3
-2.15000E+0	-6.90000E-12	7.10000E-12	8.50000E-12	1.58780E-3
-2.10000E+0	-3.30000E-12	7.60000E-12	-4.70000E-12	4.32965E-4
-2.05000E+0	1.74000E-11	-8.00000E-13	1.10000E-11	6.65309E-4
-2.00000E+0	2.40000E-11	2.62000E-11	-2.40000E-11	9.16494E-4
-1.95000E+0	-1.30000E-12	-2.13000E-11	2.34000E-11	3.56929E-5
-1.90000E+0	3.38000E-11	-1.40000E-12	3.05000E-11	3.96938E-4
-1.85000E+0	3.45000E-11	-4.71000E-11	6.11000E-11	1.32866E-3
-1.80000E+0	2.00000E-12	-1.54300E-10	1.27100E-10	2.00241E-3
-1.75000E+0	2.77000E-11	-3.43300E-10	3.82400E-10	4.79643E-3
-1.70000E+0	-3.50000E-12	-9.13300E-10	8.76300E-10	5.81937E-3
-1.65000E+0	4.10000E-12	-2.20380E-9	2.20340E-9	1.00421E-2
-1.60000E+0	-2.90000E-12	-5.54630E-9	5.54880E-9	1.59568E-2
-1.55000E+0	2.89000E-11	-1.40378E-8	1.40419E-8	2.54894E-2
-1.50000E+0	-3.30000E-12	-3.57729E-8	3.57768E-8	4.09197E-2
-1.45000E+0	2.80000E-12	-9.14804E-8	9.14842E-8	6.56322E-2
-1.40000E+0	3.30000E-12	-2.32741E-7	2.32695E-7	1.04210E-1
-1.35000E+0	1.76000E-11	-5.81519E-7	5.81426E-7	1.62249E-1
-1.30000E+0	-1.70000E-12	-1.39145E-6	1.39268E-6	2.41876E-1
-1.25000E+0	3.70000E-12	-3.11843E-6	3.12003E-6	3.39549E-1
-1.20000E+0	-6.00000E-13	-6.40339E-6	6.40543E-6	4.42816E-1
-1.15000E+0	1.59000E-11	-1.20033E-5	1.20045E-5	5.40886E-1
-1.10000E+0	-4.00000E-13	-2.06278E-5	2.06289E-5	6.23884E-1
-1.05000E+0	2.83000E-11	-3.28611E-5	3.28620E-5	6.89611E-1
-1.00000E+0	-5.00000E-13	-4.91467E-5	4.91477E-5	7.40215E-1
-9.50000E-1	-2.20000E-12	-6.97899E-5	6.97902E-5	7.78157E-1
-9.00000E-1	-1.60000E-12	-9.50147E-5	9.50166E-5	8.07164E-1
-8.50000E-1	2.89000E-11	-1.24695E-4	1.24825E-4	8.25277E-1
-8.00000E-1	-2.00000E-12	-1.59465E-4	1.59601E-4	8.46101E-1
-7.50000E-1	3.05000E-11	-1.99139E-4	1.99277E-4	8.59077E-1
-7.00000E-1	1.81000E-11	-2.43783E-4	2.43929E-4	8.69765E-1
-6.50000E-1	9.50000E-12	-2.93345E-4	2.93495E-4	8.76596E-1
-6.00000E-1	1.70000E-12	-3.47972E-4	3.48130E-4	8.84170E-1
-5.50000E-1	-2.00000E-13	-4.07500E-4	4.07670E-4	8.87675E-1
-5.00000E-1	1.78000E-11	-4.71383E-4	4.71555E-4	8.82972E-1
-4.50000E-1	2.80000E-12	-5.39486E-4	5.39661E-4	8.77649E-1
-4.00000E-1	2.91000E-11	-6.10176E-4	6.10368E-4	8.54328E-1
-3.50000E-1	2.00000E-12	-6.81431E-4	6.81624E-4	8.12209E-1
-3.00000E-1	2.99000E-11	-7.50801E-4	7.51004E-4	7.50941E-1
-2.50000E-1	3.16000E-11	-8.16365E-4	8.16563E-4	6.78305E-1
-2.00000E-1	9.30000E-12	-8.77006E-4	8.77211E-4	6.03628E-1
-1.50000E-1	2.84000E-11	-9.32507E-4	9.32732E-4	5.34548E-1
-1.00000E-1	1.00000E-12	-9.83074E-4	9.83292E-4	4.73103E-1
-5.00000E-2	3.18000E-11	-1.02904E-3	1.02926E-3	4.19728E-1
-2.28983E-15	3.35000E-11	-1.07091E-3	1.07114E-3	3.74210E-1
5.00000E-2	2.66000E-11	-1.10917E-3	1.10939E-3	3.35506E-1
1.00000E-1	-2.00000E-12	-1.14426E-3	1.14450E-3	3.02927E-1
1.50000E-1	2.00000E-13	-1.17665E-3	1.17672E-3	2.73864E-1
2.00000E-1	3.16000E-11	-1.20655E-3	1.20657E-3	2.50424E-1
2.50000E-1	1.88000E-11	-1.23412E-3	1.23418E-3	2.28888E-1
3.00000E-1	2.13000E-11	-1.25983E-3	1.25987E-3	2.10682E-1
3.50000E-1	5.90000E-12	-1.28376E-3	1.28380E-3	1.94325E-1
4.00000E-1	3.17000E-11	-1.30611E-3	1.30617E-3	1.80025E-1
4.50000E-1	2.49000E-11	-1.32709E-3	1.32710E-3	1.67046E-1
5.00000E-1	3.69000E-11	-1.34675E-3	1.34677E-3	1.55793E-1
5.50000E-1	1.60000E-11	-1.36537E-3	1.36542E-3	1.46667E-1
6.00000E-1	5.83000E-11	-1.38285E-3	1.38292E-3	1.36715E-1
6.50000E-1	3.31000E-11	-1.39943E-3	1.39946E-3	1.28422E-1
7.00000E-1	6.57000E-11	-1.41508E-3	1.41510E-3	1.20738E-1
7.50000E-1	6.17000E-11	-1.42988E-3	1.42989E-3	1.13564E-1
8.00000E-1	5.07000E-11	-1.44401E-3	1.44406E-3	1.08254E-1
8.50000E-1	5.59000E-11	-1.45745E-3	1.45746E-3	1.01884E-1
9.00000E-1	3.20000E-11	-1.47027E-3	1.47028E-3	9.70362E-2
9.50000E-1	6.62000E-11	-1.48246E-3	1.48250E-3	9.21017E-2
1.00000E+0	6.12000E-11	-1.49416E-3	1.49415E-3	8.74528E-2
