0.00000E+0	1.60000E-11	2.57000E-11
1.00000E-1	2.66000E-11	2.77000E-11
2.00000E-1	1.11000E-11	4.10000E-12
3.00000E-1	3.24000E-11	9.00000E-12
4.00000E-1	3.46000E-11	8.40000E-12
5.00000E-1	3.93000E-11	1.23000E-11
6.00000E-1	1.69000E-11	1.97000E-11
7.00000E-1	3.45000E-11	2.53000E-11
8.00000E-1	3.32000E-11	2.47000E-11
9.00000E-1	2.81000E-11	2.71000E-11
1.00000E+0	2.98000E-11	6.10000E-12
1.10000E+0	3.30000E-11	4.60000E-12
1.20000E+0	2.97000E-11	3.10000E-12
1.30000E+0	1.53000E-11	2.74000E-11
1.40000E+0	8.70000E-12	1.11000E-11
1.50000E+0	2.25000E-11	2.71000E-11
1.60000E+0	1.00000E-11	1.80000E-12
1.70000E+0	2.97000E-11	1.42000E-11
1.80000E+0	3.32000E-11	8.70000E-12
1.90000E+0	6.60000E-12	2.73000E-11
2.00000E+0	3.41000E-11	1.27000E-11
2.10000E+0	1.70000E-11	7.30000E-12
2.20000E+0	3.52000E-11	2.79000E-11
2.30000E+0	7.50000E-12	3.90000E-12
2.40000E+0	3.32000E-11	1.25000E-11
2.50000E+0	2.95000E-11	2.22000E-11
2.60000E+0	3.19000E-11	-7.00000E-13
2.70000E+0	6.90000E-12	3.05000E-11
2.80000E+0	1.03000E-11	6.50000E-12
2.90000E+0	3.44000E-11	2.85000E-11
3.00000E+0	1.01000E-11	4.70000E-12
0.00000E+0	3.42000E-11	1.93000E-11
1.00000E-1	8.90000E-12	1.30000E-12
2.00000E-1	9.70000E-12	-2.40000E-12
3.00000E-1	2.61000E-11	2.20000E-12
4.00000E-1	3.34000E-11	4.00000E-13
5.00000E-1	3.36000E-11	-1.50000E-12
6.00000E-1	9.10000E-12	2.60000E-12
7.00000E-1	4.50000E-12	4.20000E-12
8.00000E-1	1.00000E-12	3.10000E-11
9.00000E-1	3.75000E-11	7.60000E-12
1.00000E+0	3.44000E-11	3.20000E-12
1.10000E+0	1.45000E-11	3.58000E-11
1.20000E+0	3.93000E-11	2.99000E-11
1.30000E+0	3.96000E-11	2.83000E-11
1.40000E+0	1.43000E-11	-6.00000E-13
1.50000E+0	3.27000E-11	-1.30000E-12
1.60000E+0	3.72000E-11	4.00000E-13
1.70000E+0	4.25000E-11	1.98000E-11
1.80000E+0	2.66000E-11	3.14000E-11
1.90000E+0	2.75000E-11	2.94000E-11
2.00000E+0	3.15000E-11	1.71000E-11
2.10000E+0	3.89000E-11	1.00000E-11
2.20000E+0	3.93000E-11	1.89000E-11
2.30000E+0	2.24000E-11	1.80000E-11
2.40000E+0	3.60000E-11	2.85000E-11
2.50000E+0	4.10000E-11	3.63000E-11
2.60000E+0	6.00000E-12	1.98000E-11
2.70000E+0	-2.80000E-12	1.09000E-11
2.80000E+0	-8.00000E-12	2.47000E-11
2.90000E+0	1.03000E-11	1.62000E-11
3.00000E+0	8.60000E-12	1.80000E-12
0.00000E+0	1.25000E-11	1.10000E-12
1.00000E-1	1.19000E-11	2.90000E-11
2.00000E-1	4.21000E-11	2.70000E-12
3.00000E-1	3.89000E-11	1.60000E-12
4.00000E-1	3.97000E-11	3.19000E-11
5.00000E-1	6.10000E-12	-6.30000E-12
6.00000E-1	1.09000E-11	2.07000E-11
7.00000E-1	1.04000E-11	3.35000E-11
8.00000E-1	4.01000E-11	1.12000E-11
9.00000E-1	2.26000E-11	9.10000E-12
1.00000E+0	4.05000E-11	3.32000E-11
1.10000E+0	5.60000E-12	-3.30000E-12
1.20000E+0	4.80000E-12	-2.20000E-12
1.30000E+0	7.60000E-12	-4.30000E-12
1.40000E+0	3.60000E-11	4.20000E-12
1.50000E+0	4.40000E-11	2.60000E-12
1.60000E+0	4.24000E-11	6.30000E-12
1.70000E+0	1.02000E-11	-7.00000E-13
1.80000E+0	7.40000E-12	-2.80000E-12
1.90000E+0	8.30000E-12	2.25000E-11
2.00000E+0	1.38000E-11	3.36000E-11
2.10000E+0	3.66000E-11	2.70000E-12
2.20000E+0	1.24000E-11	1.60000E-12
2.30000E+0	7.90000E-12	-2.33000E-11
2.40000E+0	-6.00000E-13	-2.51000E-11
2.50000E+0	5.17000E-11	2.37100E-11
2.60000E+0	1.55000E-11	2.54600E-11
2.70000E+0	3.93000E-11	-1.07300E-11
2.80000E+0	1.62000E-11	1.27700E-11
2.90000E+0	8.70000E-12	1.02300E-11
3.00000E+0	7.30000E-12	7.75000E-12
0.00000E+0	2.50000E-12	-2.01000E-12
1.00000E-1	7.53000E-11	-1.33000E-11
2.00000E-1	5.27000E-11	1.58700E-11
3.00000E-1	5.35000E-11	1.68900E-11
4.00000E-1	5.00000E-11	2.07200E-11
5.00000E-1	4.97000E-11	1.46400E-11
6.00000E-1	7.78000E-11	-1.53900E-11
7.00000E-1	4.97000E-11	1.01700E-11
8.00000E-1	8.05000E-11	-7.24000E-12
9.00000E-1	7.72000E-11	-4.27000E-12
1.00000E+0	7.86000E-11	-1.28000E-12
1.10000E+0	8.15000E-11	-2.40000E-12
1.20000E+0	5.88000E-11	5.35000E-12
1.30000E+0	7.68000E-11	-6.28000E-12
1.40000E+0	4.87000E-11	5.28000E-12
1.50000E+0	6.18000E-11	-1.46000E-12
1.60000E+0	8.09000E-11	-3.17000E-12
1.70000E+0	7.74000E-11	-3.94000E-12
1.80000E+0	6.48000E-11	6.60000E-13
1.90000E+0	7.77000E-11	-5.08000E-12
2.00000E+0	3.48000E-11	-1.70500E-11
2.10000E+0	4.76000E-11	1.68900E-11
2.20000E+0	8.58000E-11	8.54000E-12
2.30000E+0	4.39000E-11	-2.86000E-12
2.40000E+0	7.58000E-11	4.93000E-12
2.50000E+0	7.48000E-11	5.13000E-12
2.60000E+0	8.21000E-11	3.41000E-12
2.70000E+0	5.39000E-11	-4.41000E-12
2.80000E+0	4.41000E-11	3.35000E-11
2.90000E+0	7.76000E-11	3.35000E-11
3.00000E+0	5.29000E-11	2.88000E-11
0.00000E+0	3.48000E-11	3.70000E-12
1.00000E-1	5.60700E-10	1.00000E-11
2.00000E-1	5.75200E-10	1.98000E-11
3.00000E-1	5.82500E-10	1.13000E-11
4.00000E-1	5.65400E-10	3.40000E-11
5.00000E-1	5.68300E-10	-2.87000E-12
6.00000E-1	5.91000E-10	-1.71500E-11
7.00000E-1	5.71600E-10	7.79000E-12
8.00000E-1	5.91100E-10	-3.49000E-12
9.00000E-1	5.79100E-10	1.11100E-11
1.00000E+0	5.76300E-10	9.78000E-12
1.10000E+0	5.76900E-10	1.63400E-11
1.20000E+0	5.68900E-10	7.87000E-12
1.30000E+0	5.66200E-10	-1.31000E-12
1.40000E+0	5.68300E-10	4.12000E-12
1.50000E+0	5.86600E-10	-8.87000E-12
1.60000E+0	5.74200E-10	1.28800E-11
1.70000E+0	5.79300E-10	1.13000E-11
1.80000E+0	5.73200E-10	1.49900E-11
1.90000E+0	5.73400E-10	1.66000E-11
2.00000E+0	5.72400E-10	1.51200E-11
2.10000E+0	5.95000E-10	-1.40700E-11
2.20000E+0	5.78900E-10	5.41000E-12
2.30000E+0	5.87500E-10	-8.52000E-12
2.40000E+0	5.75700E-10	9.21000E-12
2.50000E+0	5.88200E-10	-2.90000E-12
2.60000E+0	5.81700E-10	5.80000E-12
2.70000E+0	5.68900E-10	4.52000E-12
2.80000E+0	5.73900E-10	2.53000E-12
2.90000E+0	5.72300E-10	3.90000E-12
3.00000E+0	5.90400E-10	-2.22000E-12
0.00000E+0	4.93000E-11	9.90000E-12
1.00000E-1	8.60360E-9	7.00000E-12
2.00000E-1	8.79570E-9	1.86000E-11
3.00000E-1	8.81030E-9	2.81000E-11
4.00000E-1	8.82170E-9	2.47000E-11
5.00000E-1	8.82680E-9	1.43000E-11
6.00000E-1	8.83550E-9	5.00000E-12
7.00000E-1	8.83610E-9	3.00000E-12
8.00000E-1	8.84520E-9	1.86000E-11
9.00000E-1	8.84960E-9	2.23000E-11
1.00000E+0	8.85130E-9	2.10000E-11
1.10000E+0	8.85030E-9	1.94000E-11
1.20000E+0	8.84840E-9	1.27000E-11
1.30000E+0	8.86410E-9	1.37000E-11
1.40000E+0	8.87440E-9	3.20000E-12
1.50000E+0	8.86550E-9	5.30000E-12
1.60000E+0	8.86660E-9	1.03000E-11
1.70000E+0	8.87120E-9	8.90000E-12
1.80000E+0	8.87300E-9	2.63000E-11
1.90000E+0	8.88050E-9	9.50000E-13
2.00000E+0	8.88260E-9	1.76000E-11
2.10000E+0	8.87910E-9	5.20000E-12
2.20000E+0	8.88880E-9	2.87000E-11
2.30000E+0	8.88530E-9	6.00000E-12
2.40000E+0	8.89130E-9	1.89000E-11
2.50000E+0	8.89700E-9	2.09000E-11
2.60000E+0	8.89580E-9	2.37000E-11
2.70000E+0	8.89570E-9	2.78000E-11
2.80000E+0	8.90080E-9	2.58000E-11
2.90000E+0	8.89960E-9	9.20000E-12
3.00000E+0	8.90620E-9	2.64000E-11
0.00000E+0	6.51100E-10	5.50000E-12
1.00000E-1	1.53716E-7	2.81000E-11
2.00000E-1	1.57752E-7	8.10000E-12
3.00000E-1	1.58308E-7	2.14000E-11
4.00000E-1	1.58608E-7	5.70000E-12
5.00000E-1	1.58851E-7	2.63000E-11
6.00000E-1	1.59033E-7	5.70000E-12
7.00000E-1	1.59191E-7	8.20000E-12
8.00000E-1	1.59316E-7	7.70000E-12
9.00000E-1	1.59435E-7	1.24000E-11
1.00000E+0	1.59549E-7	1.36000E-11
1.10000E+0	1.59639E-7	1.83000E-11
1.20000E+0	1.59718E-7	1.05000E-11
1.30000E+0	1.59813E-7	1.97000E-11
1.40000E+0	1.59878E-7	4.10000E-12
1.50000E+0	1.59964E-7	2.54000E-11
1.60000E+0	1.60023E-7	1.87000E-11
1.70000E+0	1.60091E-7	2.49000E-11
1.80000E+0	1.60175E-7	2.76000E-11
1.90000E+0	1.60251E-7	2.50000E-11
2.00000E+0	1.60312E-7	2.65000E-11
2.10000E+0	1.60377E-7	2.71000E-11
2.20000E+0	1.60449E-7	2.45000E-11
2.30000E+0	1.60516E-7	1.91000E-11
2.40000E+0	1.60575E-7	9.80000E-12
2.50000E+0	1.60661E-7	1.14000E-11
2.60000E+0	1.60723E-7	7.80000E-12
2.70000E+0	1.60795E-7	1.82000E-11
2.80000E+0	1.60849E-7	1.73000E-11
2.90000E+0	1.60924E-7	2.64000E-11
3.00000E+0	1.61007E-7	7.20000E-12
0.00000E+0	1.17837E-8	6.70000E-12
1.00000E-1	2.96128E-6	1.60000E-11
2.00000E-1	3.06779E-6	2.35000E-11
3.00000E-1	3.08979E-6	1.10000E-11
4.00000E-1	3.10178E-6	2.67000E-11
5.00000E-1	3.11007E-6	3.40000E-12
6.00000E-1	3.11605E-6	7.90000E-12
7.00000E-1	3.12082E-6	6.80000E-12
8.00000E-1	3.12529E-6	6.80000E-12
9.00000E-1	3.12885E-6	1.26000E-11
1.00000E+0	3.13226E-6	6.40000E-12
1.10000E+0	3.13515E-6	1.10000E-11
1.20000E+0	3.13773E-6	9.10000E-12
1.30000E+0	3.14020E-6	2.58000E-11
1.40000E+0	3.14264E-6	9.30000E-12
1.50000E+0	3.14500E-6	2.45000E-11
1.60000E+0	3.14679E-6	1.10000E-11
1.70000E+0	3.14897E-6	1.57000E-11
1.80000E+0	3.15101E-6	1.83000E-11
1.90000E+0	3.15275E-6	8.20000E-12
2.00000E+0	3.15469E-6	9.60000E-12
2.10000E+0	3.15629E-6	9.00000E-12
2.20000E+0	3.15805E-6	7.70000E-12
2.30000E+0	3.15978E-6	6.50000E-12
2.40000E+0	3.16176E-6	2.78000E-11
2.50000E+0	3.16325E-6	7.90000E-12
2.60000E+0	3.16495E-6	2.99000E-11
2.70000E+0	3.16664E-6	5.70000E-12
2.80000E+0	3.16818E-6	1.23000E-11
2.90000E+0	3.16980E-6	8.10000E-12
3.00000E+0	3.17145E-6	8.90000E-12
0.00000E+0	3.97368E-7	2.94000E-11
1.00000E-1	5.29804E-5	7.80000E-12
2.00000E-1	5.64164E-5	5.60000E-12
3.00000E-1	5.72823E-5	5.40000E-12
4.00000E-1	5.77030E-5	4.10000E-12
5.00000E-1	5.79600E-5	5.70000E-12
6.00000E-1	5.81465E-5	2.22000E-11
7.00000E-1	5.82877E-5	2.80000E-12
8.00000E-1	5.84014E-5	2.87000E-11
9.00000E-1	5.84988E-5	4.80000E-12
1.00000E+0	5.85848E-5	2.88000E-11
1.10000E+0	5.86636E-5	2.67000E-11
1.20000E+0	5.87340E-5	2.70000E-11
1.30000E+0	5.88021E-5	2.88000E-11
1.40000E+0	5.88627E-5	2.88000E-11
1.50000E+0	5.89191E-5	3.00000E-11
1.60000E+0	5.89758E-5	4.50000E-12
1.70000E+0	5.90290E-5	2.92000E-11
1.80000E+0	5.90757E-5	8.00000E-13
1.90000E+0	5.91201E-5	3.80000E-12
2.00000E+0	5.91711E-5	1.20000E-11
2.10000E+0	5.92191E-5	8.20000E-12
2.20000E+0	5.92634E-5	8.50000E-12
2.30000E+0	5.93115E-5	1.05000E-11
2.40000E+0	5.93545E-5	1.04000E-11
2.50000E+0	5.93963E-5	2.52000E-11
2.60000E+0	5.94409E-5	5.90000E-12
2.70000E+0	5.94864E-5	3.01000E-11
2.80000E+0	5.95286E-5	3.00000E-12
2.90000E+0	5.95690E-5	5.20000E-12
3.00000E+0	5.96130E-5	4.90000E-12
0.00000E+0	1.36835E-6	9.90000E-12
1.00000E-1	5.82177E-4	2.90000E-11
2.00000E-1	6.75379E-4	3.90000E-12
3.00000E-1	6.98943E-4	6.80000E-12
4.00000E-1	7.08708E-4	3.15000E-11
5.00000E-1	7.14014E-4	-7.00000E-13
6.00000E-1	7.17448E-4	3.16000E-11
7.00000E-1	7.20012E-4	1.73000E-11
8.00000E-1	7.22058E-4	8.30000E-12
9.00000E-1	7.23768E-4	4.10000E-12
1.00000E+0	7.25313E-4	4.50000E-12
1.10000E+0	7.26672E-4	5.00000E-13
1.20000E+0	7.27931E-4	2.53000E-11
1.30000E+0	7.29187E-4	5.40000E-12
1.40000E+0	7.30355E-4	3.05000E-11
1.50000E+0	7.31492E-4	2.00000E-13
1.60000E+0	7.32598E-4	3.07000E-11
1.70000E+0	7.33638E-4	2.22000E-11
1.80000E+0	7.34655E-4	2.72000E-11
1.90000E+0	7.35657E-4	3.18000E-11
2.00000E+0	7.36652E-4	3.18000E-11
2.10000E+0	7.37646E-4	6.70000E-12
2.20000E+0	7.38687E-4	2.59000E-11
2.30000E+0	7.39769E-4	0.00000E+0
2.40000E+0	7.40803E-4	3.00000E-11
2.50000E+0	7.41838E-4	3.50000E-12
2.60000E+0	7.42897E-4	1.30000E-11
2.70000E+0	7.43872E-4	5.00000E-12
2.80000E+0	7.44853E-4	7.70000E-12
2.90000E+0	7.45832E-4	4.20000E-12
3.00000E+0	7.46810E-4	6.00000E-13
0.00000E+0	3.53091E-6	4.00000E-12
1.00000E-1	2.40704E-3	2.64000E-11
2.00000E-1	3.47789E-3	2.14000E-11
3.00000E-1	3.85842E-3	2.44000E-11
4.00000E-1	4.00070E-3	1.23000E-11
5.00000E-1	4.06508E-3	3.01000E-11
6.00000E-1	4.10071E-3	3.40000E-12
7.00000E-1	4.12494E-3	3.07000E-11
8.00000E-1	4.14275E-3	2.20000E-12
9.00000E-1	4.15762E-3	5.00000E-12
1.00000E+0	4.17080E-3	3.90000E-12
1.10000E+0	4.18331E-3	1.10000E-12
1.20000E+0	4.19518E-3	1.00000E-12
1.30000E+0	4.20654E-3	-8.10000E-12
1.40000E+0	4.21768E-3	2.26000E-11
1.50000E+0	4.22817E-3	4.60000E-12
1.60000E+0	4.23855E-3	2.65000E-11
1.70000E+0	4.24906E-3	4.60000E-12
1.80000E+0	4.25962E-3	3.59000E-11
1.90000E+0	4.27019E-3	3.09000E-11
2.00000E+0	4.28166E-3	3.28000E-11
2.10000E+0	4.29324E-3	-3.68000E-12
2.20000E+0	4.30589E-3	-5.88000E-12
2.30000E+0	4.31605E-3	-8.18000E-12
2.40000E+0	4.32651E-3	-1.05800E-11
2.50000E+0	4.33707E-3	-1.40400E-11
2.60000E+0	4.34807E-3	-1.39300E-11
2.70000E+0	4.35912E-3	-1.21800E-11
2.80000E+0	4.37048E-3	-1.04800E-11
2.90000E+0	4.38195E-3	-9.04000E-12
3.00000E+0	4.39381E-3	-8.11000E-12
0.00000E+0	5.27498E-6	3.24000E-11
1.00000E-1	4.35560E-3	7.00000E-12
2.00000E-1	7.72455E-3	1.14000E-11
3.00000E-1	9.97064E-3	1.36000E-11
4.00000E-1	1.12668E-2	8.60000E-12
5.00000E-1	1.19061E-2	5.90000E-12
6.00000E-1	1.22226E-2	3.11000E-11
7.00000E-1	1.23926E-2	2.88000E-11
8.00000E-1	1.24965E-2	2.85000E-11
9.00000E-1	1.25702E-2	3.23000E-11
1.00000E+0	1.26282E-2	2.72000E-11
1.10000E+0	1.26780E-2	3.50000E-12
1.20000E+0	1.27214E-2	2.60000E-11
1.30000E+0	1.27628E-2	3.40000E-12
1.40000E+0	1.28019E-2	3.10000E-11
1.50000E+0	1.28408E-2	3.90000E-12
1.60000E+0	1.28799E-2	2.91000E-11
1.70000E+0	1.29181E-2	1.20000E-12
1.80000E+0	1.29567E-2	2.86000E-11
1.90000E+0	1.29961E-2	2.75000E-11
2.00000E+0	1.30432E-2	5.30000E-12
2.10000E+0	1.30898E-2	2.71000E-11
2.20000E+0	1.31364E-2	3.40000E-12
2.30000E+0	1.31845E-2	3.18000E-11
2.40000E+0	1.32330E-2	1.76000E-11
2.50000E+0	1.32821E-2	6.10000E-12
2.60000E+0	1.33279E-2	5.40000E-12
2.70000E+0	1.33753E-2	3.20000E-12
2.80000E+0	1.34229E-2	4.10000E-12
2.90000E+0	1.34720E-2	2.10000E-12
3.00000E+0	1.35217E-2	-7.00000E-13
0.00000E+0	6.24528E-6	2.73000E-11
1.00000E-1	5.47125E-3	1.05000E-11
2.00000E-1	1.04842E-2	3.40000E-11
3.00000E-1	1.48551E-2	9.70000E-12
4.00000E-1	1.84613E-2	3.22000E-11
5.00000E-1	2.11957E-2	2.16000E-11
6.00000E-1	2.30733E-2	6.60000E-12
7.00000E-1	2.42519E-2	5.50000E-12
8.00000E-1	2.49494E-2	7.00000E-13
9.00000E-1	2.53642E-2	2.50000E-12
1.00000E+0	2.56240E-2	3.90000E-12
1.10000E+0	2.58048E-2	3.40000E-12
1.20000E+0	2.59427E-2	4.20000E-12
1.30000E+0	2.60565E-2	2.54000E-11
1.40000E+0	2.61620E-2	4.30000E-12
1.50000E+0	2.62578E-2	2.90000E-11
1.60000E+0	2.63519E-2	3.70000E-12
1.70000E+0	2.64422E-2	2.64000E-11
1.80000E+0	2.65324E-2	1.58000E-11
1.90000E+0	2.66220E-2	1.26000E-11
2.00000E+0	2.67049E-2	4.90000E-12
2.10000E+0	2.67887E-2	7.80000E-12
2.20000E+0	2.68733E-2	6.30000E-12
2.30000E+0	2.69594E-2	5.50000E-12
2.40000E+0	2.70476E-2	7.20000E-12
2.50000E+0	2.71371E-2	4.60000E-12
2.60000E+0	2.72286E-2	2.41000E-11
2.70000E+0	2.73267E-2	-2.40000E-12
2.80000E+0	2.74276E-2	2.14000E-11
2.90000E+0	2.75291E-2	6.40000E-12
3.00000E+0	2.76301E-2	2.22000E-11
0.00000E+0	6.62688E-6	2.60000E-11
1.00000E-1	6.04998E-3	2.95000E-11
2.00000E-1	1.18638E-2	2.94000E-11
3.00000E-1	1.73288E-2	3.12000E-11
4.00000E-1	2.24018E-2	6.24000E-12
5.00000E-1	2.69945E-2	5.83000E-12
6.00000E-1	3.10075E-2	4.33000E-12
7.00000E-1	3.43637E-2	2.74000E-12
8.00000E-1	3.70043E-2	2.94000E-12
9.00000E-1	3.89558E-2	3.08000E-12
1.00000E+0	4.03095E-2	2.38000E-12
1.10000E+0	4.12111E-2	1.59000E-12
1.20000E+0	4.18046E-2	-1.40000E-13
1.30000E+0	4.22037E-2	1.71000E-12
1.40000E+0	4.24893E-2	-1.80000E-13
1.50000E+0	4.27054E-2	1.26000E-12
1.60000E+0	4.28823E-2	-1.99000E-12
1.70000E+0	4.30381E-2	8.40000E-13
1.80000E+0	4.31761E-2	-1.51000E-12
1.90000E+0	4.33031E-2	1.42000E-12
2.00000E+0	4.34229E-2	-2.24000E-12
2.10000E+0	4.35389E-2	2.62000E-12
2.20000E+0	4.36491E-2	-2.41000E-12
2.30000E+0	4.37593E-2	2.22000E-12
2.40000E+0	4.38702E-2	-4.06000E-12
2.50000E+0	4.39758E-2	4.57000E-12
2.60000E+0	4.40714E-2	-4.62000E-12
2.70000E+0	4.41743E-2	4.58000E-12
2.80000E+0	4.42805E-2	-4.08000E-12
2.90000E+0	4.43938E-2	1.04900E-11
3.00000E+0	4.44386E-2	-7.56000E-12
0.00000E+0	6.85138E-6	2.85000E-11
1.00000E-1	6.38248E-3	2.38000E-11
2.00000E-1	1.26373E-2	2.80000E-11
3.00000E-1	1.86693E-2	2.68000E-11
4.00000E-1	2.44633E-2	2.50000E-11
5.00000E-1	2.99720E-2	2.95000E-11
6.00000E-1	3.51456E-2	8.40000E-12
7.00000E-1	3.99424E-2	2.24000E-11
8.00000E-1	4.42862E-2	9.10000E-12
9.00000E-1	4.81156E-2	2.33000E-11
1.00000E+0	5.13681E-2	8.00000E-12
1.10000E+0	5.39432E-2	2.56000E-11
1.20000E+0	5.59914E-2	6.20000E-12
1.30000E+0	5.75441E-2	2.15000E-11
1.40000E+0	5.86497E-2	1.71000E-11
1.50000E+0	5.90795E-2	1.36000E-11
1.60000E+0	5.87314E-2	1.10000E-11
1.70000E+0	5.90589E-2	6.20000E-12
1.80000E+0	5.93652E-2	3.20000E-12
1.90000E+0	5.95980E-2	5.70000E-12
2.00000E+0	5.97954E-2	4.70000E-12
2.10000E+0	5.99686E-2	4.80000E-12
2.20000E+0	6.01188E-2	1.99000E-11
2.30000E+0	6.02442E-2	7.60000E-12
2.40000E+0	6.03520E-2	3.22000E-11
2.50000E+0	6.04376E-2	1.08000E-11
2.60000E+0	6.05365E-2	3.02000E-11
2.70000E+0	6.06177E-2	6.40000E-12
2.80000E+0	6.06992E-2	2.90000E-11
2.90000E+0	6.07964E-2	7.20000E-12
3.00000E+0	6.12003E-2	2.92000E-11
0.00000E+0	6.50952E-6	2.03000E-11
1.00000E-1	6.54701E-3	9.60000E-12
2.00000E-1	1.30414E-2	2.47000E-11
3.00000E-1	1.93813E-2	4.70000E-12
4.00000E-1	2.55708E-2	2.43000E-11
5.00000E-1	3.15700E-2	7.70000E-12
6.00000E-1	3.73440E-2	1.60000E-11
7.00000E-1	4.28655E-2	1.83000E-11
8.00000E-1	4.80882E-2	8.20000E-12
9.00000E-1	5.29770E-2	7.30000E-12
1.00000E+0	5.73498E-2	8.40000E-12
1.10000E+0	6.10713E-2	5.50000E-12
1.20000E+0	6.44000E-2	9.20000E-12
1.30000E+0	6.75563E-2	6.50000E-12
1.40000E+0	7.02160E-2	5.30000E-12
1.50000E+0	7.23404E-2	2.35000E-11
1.60000E+0	7.40105E-2	1.13000E-11
1.70000E+0	7.52618E-2	2.39000E-11
1.80000E+0	7.62641E-2	6.30000E-12
1.90000E+0	7.65727E-2	2.67000E-11
2.00000E+0	7.68499E-2	6.30000E-12
2.10000E+0	7.70249E-2	1.68000E-11
2.20000E+0	7.75111E-2	1.99000E-11
2.30000E+0	7.84629E-2	2.67000E-11
2.40000E+0	7.89531E-2	3.06000E-11
2.50000E+0	7.90261E-2	2.86000E-11
2.60000E+0	7.94847E-2	2.85000E-11
2.70000E+0	7.94864E-2	3.14000E-11
2.80000E+0	7.78298E-2	2.05000E-11
2.90000E+0	8.00084E-2	2.08000E-11
3.00000E+0	8.08908E-2	1.00000E-11
