10/12/2024	15:12	Sample #1Int Time: 1	Thickness: 0	Width: 2	Length: 0	Regime: LinearVS: 0	VD: 4	VC: 0VG	IG	IS	ID	LinearMobility0.00000E+0	1.64000E-11	-4.93000E-11	3.00000E-13	7.93097E-5
5.00000E-2	1.99000E-11	1.20000E-12	2.33000E-11	6.19637E-4
1.00000E-1	-1.70000E-11	-5.08000E-11	-2.11000E-11	3.38155E-5
1.50000E-1	4.34000E-11	1.72000E-11	3.25000E-11	1.60351E-4
2.00000E-1	4.56000E-11	2.49000E-11	-1.43000E-11	2.77919E-4
2.50000E-1	-1.24000E-11	-4.83000E-11	4.93000E-11	4.69129E-4
3.00000E-1	-1.75000E-11	-1.76000E-11	-1.38000E-11	4.78787E-4
3.50000E-1	-1.39000E-11	-5.13000E-11	5.11000E-11	4.97181E-4
4.00000E-1	4.53000E-11	8.90000E-12	-7.00000E-13	9.13938E-4
4.50000E-1	4.82000E-11	2.55000E-11	-1.96000E-11	5.19905E-4
5.00000E-1	5.60000E-12	2.51000E-11	-1.40000E-11	9.92643E-5
5.50000E-1	-1.06000E-11	2.00000E-12	1.17000E-11	4.64995E-5
6.00000E-1	4.13000E-11	3.00000E-12	2.02000E-11	1.55502E-4
6.50000E-1	4.80000E-11	-3.44000E-11	4.48000E-11	3.18390E-4
7.00000E-1	-1.31000E-11	5.60000E-12	1.00000E-12	8.24382E-4
7.50000E-1	2.19000E-11	-3.60000E-12	-1.01000E-11	3.15380E-4
8.00000E-1	4.86000E-11	2.74000E-11	5.50000E-11	6.13680E-4
8.50000E-1	-4.00000E-13	-2.08000E-11	1.82000E-11	4.56125E-4
9.00000E-1	5.13000E-11	2.52000E-11	5.31000E-11	4.37413E-4
9.50000E-1	-9.00000E-12	-3.85000E-11	-2.30000E-12	8.35549E-4
1.00000E+0	-1.15000E-11	-5.47000E-11	-1.60000E-11	3.59598E-4
1.05000E+0	4.88000E-11	1.95000E-11	5.01000E-11	4.45711E-4
1.10000E+0	4.70000E-11	1.14000E-11	-1.52000E-11	4.60377E-4
1.15000E+0	-1.18000E-11	-4.74000E-11	5.44000E-11	5.03455E-4
1.20000E+0	2.55000E-11	-4.80000E-12	1.28000E-11	5.49936E-4
1.25000E+0	4.57000E-11	3.43000E-11	-1.45000E-11	3.33295E-5
1.30000E+0	-4.50000E-12	-4.68000E-11	4.77000E-11	4.48679E-4
1.35000E+0	3.58000E-11	-1.27000E-11	5.25000E-11	4.91115E-5
1.40000E+0	9.90000E-12	-5.19000E-11	5.26000E-11	9.98733E-7
1.45000E+0	1.87000E-11	2.09000E-11	-1.14000E-11	5.61270E-4
1.50000E+0	4.51000E-11	-3.19000E-11	-8.10000E-12	7.67926E-5
1.55000E+0	-1.53000E-11	7.70000E-12	-2.90000E-12	1.65521E-4
1.60000E+0	4.93000E-11	2.37000E-11	4.71000E-11	7.47164E-4
1.65000E+0	3.40000E-12	6.20000E-12	3.03000E-11	1.96695E-4
1.70000E+0	-1.50000E-11	-4.99000E-11	-1.64000E-11	2.10661E-4
1.75000E+0	3.75000E-11	2.12000E-11	4.04000E-11	3.33966E-4
1.80000E+0	4.62000E-11	4.90000E-12	5.31000E-11	1.34790E-4
1.85000E+0	-1.33000E-11	-5.01000E-11	-8.50000E-12	6.32989E-4
1.90000E+0	2.32000E-11	-1.04000E-11	-1.16000E-11	7.10097E-5
1.95000E+0	4.73000E-11	1.91000E-11	5.17000E-11	5.47977E-4
2.00000E+0	7.10000E-12	-2.36000E-11	1.85000E-11	4.18340E-4
2.05000E+0	-1.51000E-11	-5.62000E-11	6.43000E-11	5.38300E-4
2.10000E+0	2.75000E-11	8.80000E-12	1.59000E-11	5.83721E-4
2.15000E+0	4.49000E-11	-5.90000E-12	7.25000E-11	6.55536E-4
2.20000E+0	3.97000E-11	2.60000E-12	1.18000E-11	7.35519E-4
2.25000E+0	-1.10000E-11	-4.52000E-11	5.48000E-11	5.74503E-4
2.30000E+0	1.02000E-11	-9.89000E-11	1.06000E-10	4.18893E-4
2.35000E+0	2.65000E-11	-4.81000E-11	5.99000E-11	3.70124E-4
2.40000E+0	4.80000E-11	-1.19100E-10	1.47800E-10	6.39693E-4
2.45000E+0	1.22000E-11	-1.76000E-10	2.06600E-10	3.20916E-4
2.50000E+0	-1.93000E-11	-2.23300E-10	2.99000E-10	4.22528E-4
2.55000E+0	4.10000E-12	-3.65500E-10	4.00400E-10	3.93619E-4
2.60000E+0	5.01000E-11	-5.67700E-10	6.25000E-10	7.22548E-4
2.65000E+0	-8.50000E-12	-9.11900E-10	8.68000E-10	6.46070E-4
2.70000E+0	-1.50000E-11	-1.39290E-9	1.38740E-9	1.12740E-3
2.75000E+0	-1.47000E-11	-2.11360E-9	2.12350E-9	1.27910E-3
2.80000E+0	4.61000E-11	-3.25230E-9	3.25630E-9	1.59026E-3
2.85000E+0	-1.12000E-11	-5.03530E-9	5.04730E-9	2.02434E-3
2.90000E+0	-1.26000E-11	-7.81430E-9	7.81750E-9	2.51549E-3
2.95000E+0	4.77000E-11	-1.22253E-8	1.22338E-8	3.21308E-3
3.00000E+0	1.19000E-11	-1.92385E-8	1.92436E-8	4.07100E-3
3.05000E+0	-1.32000E-11	-3.03363E-8	3.03500E-8	5.13910E-3
3.10000E+0	4.12000E-11	-4.79724E-8	4.79853E-8	6.49322E-3
3.15000E+0	5.00000E-11	-7.61008E-8	7.61170E-8	8.23004E-3
3.20000E+0	-7.20000E-12	-1.21080E-7	1.21124E-7	1.04452E-2
3.25000E+0	5.07000E-11	-1.93141E-7	1.93168E-7	1.32462E-2
3.30000E+0	4.00000E-12	-3.08576E-7	3.08651E-7	1.68046E-2
3.35000E+0	-1.36000E-11	-4.94947E-7	4.95046E-7	2.14348E-2
3.40000E+0	4.39000E-11	-7.93551E-7	7.93717E-7	2.71227E-2
3.45000E+0	4.56000E-11	-1.27537E-6	1.27654E-6	3.45972E-2
3.50000E+0	-1.41000E-11	-2.04898E-6	2.04991E-6	4.37163E-2
3.55000E+0	-1.45000E-11	-3.29155E-6	3.29212E-6	5.54102E-2
3.60000E+0	4.93000E-11	-5.28866E-6	5.28836E-6	7.02599E-2
3.65000E+0	8.30000E-12	-8.48914E-6	8.48933E-6	8.89069E-2
3.70000E+0	5.20000E-12	-1.36058E-5	1.36057E-5	1.12211E-1
3.75000E+0	-1.46000E-11	-2.17474E-5	2.17507E-5	1.41204E-1
3.80000E+0	5.13000E-11	-3.46972E-5	3.46952E-5	1.77596E-1
3.85000E+0	5.30000E-12	-5.49758E-5	5.49759E-5	2.20719E-1
3.90000E+0	-1.42000E-11	-8.65536E-5	8.65618E-5	2.73567E-1
3.95000E+0	5.03000E-11	-1.35227E-4	1.35367E-4	3.37508E-1
4.00000E+0	3.09000E-11	-2.09045E-4	2.09177E-4	4.09524E-1
4.05000E+0	-8.00000E-13	-3.19310E-4	3.19485E-4	4.93937E-1
4.10000E+0	-1.34000E-11	-4.81436E-4	4.81671E-4	5.89747E-1
4.15000E+0	2.18000E-11	-7.15008E-4	7.15419E-4	6.95081E-1
4.20000E+0	-1.58000E-11	-1.04522E-3	1.04599E-3	8.10065E-1
4.25000E+0	5.07000E-11	-1.50328E-3	1.50545E-3	9.35171E-1
4.30000E+0	4.00000E-11	-2.12262E-3	2.12542E-3	1.05734E+0
4.35000E+0	-2.90000E-12	-2.94717E-3	2.95203E-3	1.19174E+0
4.40000E+0	-1.30000E-11	-4.02517E-3	4.03296E-3	1.32824E+0
4.45000E+0	4.86000E-11	-5.40134E-3	5.41434E-3	1.45908E+0
4.50000E+0	5.15000E-11	-7.14000E-3	7.15974E-3	1.59758E+0
4.55000E+0	-1.58000E-11	-9.28261E-3	9.31353E-3	1.72186E+0
4.60000E+0	-1.46000E-11	-1.19337E-2	1.19865E-2	1.87895E+0
4.65000E+0	5.66000E-11	-1.50763E-2	1.51472E-2	1.96798E+0
4.70000E+0	5.70000E-12	-1.88006E-2	1.88939E-2	2.08237E+0
4.75000E+0	-9.30000E-12	-2.31633E-2	2.32790E-2	2.18929E+0
4.70000E+0	4.10000E-11	-1.98403E-2	1.99111E-2	1.66054E+0
